0 0.2984375 0.2484375 0.1109375 0.046875
0 0.4015625 0.3234375 0.165625 0.0703125
0 0.403125 0.3984375 0.09375 0.0484375
0 0.9234375 0.334375 0.1328125 0.065625
0 0.76875 0.225 0.0625 0.03125
0 0.6743970312500001 0.49064239218749994 0.6688311687499999 0.5193993515625001 0.64471243125 0.5370245828125 0.5667903515625 0.5388798703125001 0.5658627093749999 0.577840909375 0.65213358125 0.5871173468750001 0.7050092765625 0.585262059375 0.735621521875 0.5518668828125 0.7161410015625 0.49249768125 0.6743970312500001 0.49064239218749994
0 0.684375 0.75 0.2515625 0.15625
0 0.2984375 0.0890625 0.1109375 0.046875
0 0.4015625 0.02421875 0.165625 0.0484375
0 0.92265625 0.01796875 0.1328125 0.0359375
0 0.76875 0.1125 0.0625 0.03125
0 0.684375 0.909375 0.2515625 0.15625