0 0.7546875 0.303125 0.0484375 0.1125
0 0.678125 0.4046875 0.0734375 0.1671875
0 0.603125 0.4046875 0.05 0.0953125
0 0.65859375 0.9265625 0.0671875 0.134375
0 0.7703125 0.7734375 0.0328125 0.0625
0 0.47765709218749997 0.6684668890625 0.4604554765625 0.6440442234375 0.45996039843750003 0.56610163125 0.4210214828125 0.5644941671875 0.410240825 0.650590003125 0.411173021875 0.703490025 0.44402885468750003 0.734680434375 0.5037289953124999 0.716239015625 0.506312534375 0.6745337828125 0.47765709218749997 0.6684668890625
0 0.246875 0.6796875 0.1609375 0.2546875
0 0.9140625 0.30546875 0.0484375 0.1125
0 0.97578125 0.41015625 0.0484375 0.1671875
0 0.97421875 0.93125 0.0375 0.1328125
0 0.8828125 0.77578125 0.0328125 0.0625
0 0.0875 0.67734375 0.1609375 0.2546875