0 0.27890625 0.734375 0.0625 0.115625
0 0.3390625 0.621875 0.0921875 0.1734375
0 0.41328125 0.61015625 0.0609375 0.1
0 0.27734375 0.10390625 0.0828125 0.140625
0 0.190625 0.271875 0.0390625 0.065625
0 0.5292060734375 0.428448615625 0.5679170499999999 0.42394490156250003 0.565096625 0.33722258125 0.55590051875 0.285119675 0.5185699406250001 0.25945305625000004 0.46248967968750004 0.2870065890625 0.466462084375 0.328602515625 0.49571380156249994 0.3301120171875 0.5165241843749999 0.3515430734375 0.5292060734375 0.428448615625
0 0.721875 0.2828125 0.1890625 0.2703125
0 0.12109375 0.75703125 0.0625 0.115625
0 0.0421875 0.6640625 0.0703125 0.1703125
0 0.07890625 0.2875 0.0390625 0.065625
0 0.8796875 0.26015625 0.1890625 0.2703125