0 0.42005735 0.531880425 0.339455940625 0.5187051953124999 0.2270789734375 0.5373055203125 0.1371774 0.5690810765625 0.07672634218749999 0.6140318625 0.058126017187500004 0.6675077984375 0.1108269390625 0.697733328125 0.2263039609375 0.6876581515625 0.40843214687499996 0.64580741875 0.4781833671875 0.6039566859375001 0.489033559375 0.560555928125 0.42005735 0.531880425
0 0.275904828125 0.4528290421875 0.255754475 0.4396538109375 0.1999535 0.45360405468750004 0.22475393281249997 0.489254678125 0.270479734375 0.48150454375 0.29605518124999997 0.4691043265625 0.275904828125 0.4528290421875
0 0.4796875 0.475 0.065625 0.028125
0 0.6265625 0.6515625 0.1359375 0.0875
0 0.5796875 0.5375 0.1296875 0.08125
0 0.6859375 0.4890625 0.0765625 0.046875
0 0.8015625 0.6140625 0.16875 0.071875
0 0.7875 0.709375 0.1453125 0.0875
0 0.9375 0.69375 0.1234375 0.0921875
0 0.871875 0.559375 0.1859375 0.0546875
0 0.8687902046874999 0.41330334999999996 0.8664651640625 0.41252833593749993 0.84398976875 0.43655375625000004 0.86104006875 0.4466289328125 0.9571417500000001 0.45127901406250004 0.9943424000000001 0.45360405468750004 0.9943424000000001 0.43500372968749995 0.9571417500000001 0.4280286078125 0.9083158953125 0.410978309375 0.8687902046874999 0.41330334999999996
0 0.7421875 0.459375 0.1359375 0.0453125
0 0.140625 0.740625 0.103125 0.0703125
0 0.671875 0.7421875 0.0890625 0.0703125
0 0.477448003125 1 0.489033559375 0.9951835328125 0.4781833671875 0.9517827734375001 0.40843214687499996 0.909932040625 0.2263039609375 0.8680813078125 0.1108269390625 0.85800613125 0.058126017187500004 0.8882316609375 0.07672634218749999 0.9417075968749999 0.1371774 0.9866583828125 0.1749244140625 1 0.477448003125 1
0 0.6265625 0.903125 0.1359375 0.0875
0 0.57890625 0.98828125 0.1296875 0.0234375
0 0.8015625 0.940625 0.16875 0.071875
0 0.7875 0.8453125 0.1453125 0.0875
0 0.9375 0.8609375 0.1234375 0.0921875
0 0.87109375 0.98359375 0.1859375 0.0328125
0 0.856168028125 0 0.84398976875 0.00719624375 0.8664651640625 0.031221664062499998 0.8687902046874999 0.03044665 0.9083158953125 0.032771690625 0.9571417500000001 0.0157213921875 0.9943424000000001 0.0087462703125 0.9943424000000001 0 0.856168028125 0
0 0.140625 0.8140625 0.103125 0.0703125
0 0.671875 0.8125 0.0890625 0.0703125