0 0.7578125 0.7796875 0.190625 0.265625
0 0.5109375 0.56328125 0.2140625 0.2796875
0 0.40625 0.3875 0.1203125 0.1359375
0 0.45625 0.19453125 0.125 0.1859375
0 0.42265625 0.0453125 0.0703125 0.0796875
0 0.53671875 0.16328125 0.090625 0.15625
0 0.63359375 0.21328125 0.1265625 0.1921875
0 0.3265625 0.3859375 0.071875 0.1171875
0 0.28828125 0.46796875 0.0515625 0.0875
0 0.303125 0.64140625 0.0609375 0.1078125
0 0.2421875 0.59921875 0.05 0.078125
0 0.2078125 0.50390625 0.04375 0.090625
0 0.24609375 0.478125 0.0453125 0.1125
0 0.259375 0.34140625 0.059375 0.0703125
0 0.209375 0.40390625 0.046875 0.0859375
0 0.2171875 0.25546875 0.0515625 0.134375
0 0.28671875 0.7625 0.040625 0.075
0 0.25 0.7296875 0.0359375 0.059375
0 0.21875 0.721875 0.034375 0.0578125
0 0.2171875 0.65859375 0.0359375 0.0625
0 0.96171875 0.73203125 0.0765625 0.2578125
0 0.90859375 0.16015625 0.1015625 0.1859375
0 0.02734375 0.51875 0.0515625 0.0875
0 0.07890625 0.68515625 0.0609375 0.1078125
0 0.11953125 0.6234375 0.05 0.078125
0 0.115625 0.521875 0.04375 0.090625
0 0.07109375 0.51171875 0.0453125 0.1125
0 0.01875 0.38984375 0.0375 0.0703125
0 0.07734375 0.4296875 0.046875 0.0859375
0 0.0203125 0.2953125 0.040625 0.134375
0 0.13984375 0.79140625 0.040625 0.075
0 0.1609375 0.74765625 0.0359375 0.059375
0 0.1875 0.728125 0.034375 0.0578125
0 0.16484375 0.66875 0.0359375 0.0625