0 0.1765625 0.7 0.2421875 0.146875
0 0.4359375 0.4984375 0.2515625 0.16875
0 0.628125 0.4296875 0.11875 0.1
0 0.8078125 0.515625 0.171875 0.09375
0 0.9609375 0.5109375 0.0703125 0.0578125
0 0.8234375 0.6 0.146875 0.0640625
0 0.75625 0.6859375 0.1765625 0.0953125
0 0.6453125 0.3515625 0.109375 0.0515625
0 0.571875 0.2984375 0.0828125 0.0359375
0 0.3984375 0.2796875 0.1015625 0.0421875
0 0.4515625 0.228125 0.071875 0.0375
0 0.5515625 0.2125 0.0875 0.028125
0 0.5703125 0.2546875 0.109375 0.025
0 0.7015625 0.29375 0.0625 0.0484375
0 0.65 0.2328125 0.08125 0.03125
0 0.79375 0.26875 0.13125 0.0265625
0 0.2828125 0.240625 0.0703125 0.028125
0 0.321875 0.2109375 0.05625 0.025
0 0.3359375 0.18125 0.0546875 0.025
0 0.3984375 0.1921875 0.059375 0.025
0 0.17578125 0.94609375 0.2421875 0.1078125
0 0.75546875 0.965625 0.1765625 0.06875
0 0.571875 0.0328125 0.0828125 0.0359375
0 0.3984375 0.0515625 0.1015625 0.0421875
0 0.4515625 0.103125 0.071875 0.0375
0 0.5515625 0.11875 0.0875 0.028125
0 0.5703125 0.0765625 0.109375 0.025
0 0.7015625 0.0375 0.0625 0.0484375
0 0.65 0.0984375 0.08125 0.03125
0 0.79375 0.0625 0.13125 0.0265625
0 0.2828125 0.090625 0.0703125 0.028125
0 0.321875 0.1203125 0.05625 0.025
0 0.3359375 0.15 0.0546875 0.025
0 0.3984375 0.1390625 0.059375 0.025