0 0.75625 0.58125 0.103125 0.034375
0 0.6796875 0.66875 0.121875 0.0859375
0 0.4875 0.5125 0.178125 0.0609375
0 0.61875 0.440625 0.065625 0.0359375
0 0.7359375 0.496875 0.046875 0.021875
0 0.9282608703124999 0.6884057984374999 0.9072463765625001 0.67318840625 0.886956521875 0.665942028125 0.868115940625 0.6688405796875 0.863043478125 0.684782609375 0.8449275374999999 0.6942028984374999 0.8413043484375 0.6862318843749999 0.839855071875 0.6717391296875 0.8246376796874999 0.663043478125 0.8123188406249999 0.662318840625 0.8086956515624999 0.6695652171875001 0.8 0.67608695625 0.7934782609375 0.6913043484375 0.7942028984375 0.7065217390625 0.8072463765625001 0.7326086953125001 0.839855071875 0.75 0.9398550718750001 0.74710145 0.9376811593750001 0.739130434375 0.9442028984374999 0.7246376796875 0.9355072453125001 0.7036231890625 0.9282608703124999 0.6884057984374999
0 0.75625 0.91875 0.103125 0.034375
0 0.6796875 0.83125 0.121875 0.0859375
0 0.4875 0.00859375 0.178125 0.0171875
0 0.4875 0.978125 0.178125 0.04375
0 0.61875 0.059375 0.065625 0.0359375
0 0.7359375 0.00703125 0.046875 0.0140625
0 0.7359375 0.99609375 0.046875 0.0078125
0 0.8123188406249999 0.837681159375 0.8246376796874999 0.8369565218749999 0.839855071875 0.8282608703125 0.8413043484375 0.8137681156250001 0.8449275374999999 0.8057971015625001 0.863043478125 0.8152173906250001 0.868115940625 0.8311594203125001 0.886956521875 0.834057971875 0.9072463765625001 0.8268115937499999 0.9282608703124999 0.8115942015625001 0.9355072453125001 0.7963768109375 0.9442028984374999 0.7753623203125 0.9376811593750001 0.760869565625 0.9398550718750001 0.75289855 0.839855071875 0.75 0.8072463765625001 0.7673913046874999 0.7942028984375 0.7934782609375 0.7934782609375 0.8086956515624999 0.8 0.82391304375 0.8086956515624999 0.8304347828124999 0.8123188406249999 0.837681159375