0 0.134375 0.7640625 0.0796875 0.03125
0 0.4046875 0.7296875 0.1421875 0.0609375
0 0.54375 0.753125 0.0671875 0.0375
0 0.5375 0.684375 0.059375 0.028125
0 0.453125 0.6828125 0.0484375 0.03125
0 0.4625 0.6421875 0.1 0.0421875
0 0.55625 0.553125 0.04375 0.0234375
0 0.596875 0.5890625 0.065625 0.0234375
0 0.64375 0.6390625 0.0703125 0.0546875
0 0.709375 0.603125 0.034375 0.0296875
0 0.6859375 0.55 0.1125 0.03125
0 0.728125 0.528125 0.040625 0.0140625
0 0.753125 0.515625 0.01875 0.0171875
0 0.7796875 0.5609375 0.0234375 0.0171875
0 0.7765625 0.6046875 0.0359375 0.0203125
0 0.07210750625 0.5956755984375001 0.095050803125 0.6235353156250001 0.13274336250000002 0.6464786140625 0.1786299578125 0.6579502625 0.2187807265625 0.6817129625 0.279416584375 0.675157734375 0.35807931875 0.65958906875 0.3924942640625 0.6333681578125 0.45722713906249995 0.613702475 0.4392002625 0.58584275625 0.4056047203125 0.5596218453125 0.37856440625 0.540775565625 0.307276303125 0.54159496875 0.24172402499999998 0.5383173546875 0.16633890625 0.5522472140625 0.117174696875 0.564538265625 0.07210750625 0.5956755984375001
0 0.6030809578125 0.4399889375 0.534251065625 0.431794903125 0.484267453125 0.4399889375 0.44411668281249994 0.44654416562500004 0.3744673875 0.45637700781249996 0.32038675781250003 0.4645710421875 0.2540150765625 0.46539044531249996 0.19583743125 0.47276507656250005 0.2032120625 0.48915314531250004 0.2310717796875 0.4965277765625 0.2810553921875 0.495708375 0.2958046546875 0.5170128640625 0.3564405125 0.5104576375 0.42281219375 0.49734718125 0.48098983906250004 0.4940695671875 0.5621107828125 0.5047218124999999 0.6456899375 0.4998053921875 0.6809242875 0.47276507656250005 0.648148146875 0.4547382 0.6030809578125 0.4399889375
0 0.134375 0.796875 0.0796875 0.03125
0 0.4046875 0.83125 0.1421875 0.0609375
0 0.54375 0.8078125 0.0671875 0.0375
0 0.5375 0.8765625 0.059375 0.028125
0 0.453125 0.878125 0.0484375 0.03125
0 0.4625 0.91875 0.1 0.0421875
0 0.55625 0.99765625 0.04375 0.0046875
0 0.596875 0.971875 0.065625 0.0234375
0 0.64375 0.921875 0.0703125 0.0546875
0 0.709375 0.9578125 0.034375 0.0296875
0 0.77890625 0.9953125 0.0234375 0.009375
0 0.7765625 0.95625 0.0359375 0.0203125
0 0.4078750453125 1 0.4392002625 0.9755510484375 0.45722713906249995 0.9476913296875 0.3924942640625 0.928025646875 0.35807931875 0.9018047359375 0.279416584375 0.8862360703125001 0.2187807265625 0.8796808421875 0.1786299578125 0.9034435421874999 0.13274336250000002 0.9149151921875 0.095050803125 0.9378584890624999 0.07210750625 0.96571820625 0.117174696875 0.9968555390624999 0.1297525390625 1 0.4078750453125 1