0 0.203125 0.5953125 0.2125 0.1453125
0 0.2109375 0.440625 0.11875 0.0546875
0 0.1046875 0.434375 0.0390625 0.021875
0 0.5875 0.553125 0.1890625 0.1046875
0 0.94375 0.484375 0.1125 0.059375
0 0.8265625 0.44375 0.1 0.0625
0 0.896875 0.4 0.071875 0.0296875
0 0.68125 0.4421875 0.0703125 0.05
0 0.628125 0.4125 0.0484375 0.015625
0 0.41875 0.45 0.1171875 0.03125
0 0.525 0.428125 0.1015625 0.0328125
0 0.4078125 0.3765625 0.1 0.0328125
0 0.203125 0.946875 0.2125 0.10625
0 0.2109375 0.01171875 0.11875 0.0234375
0 0.10390625 0.00703125 0.0390625 0.0140625
0 0.58671875 0.978125 0.1890625 0.04375
0 0.8265625 0.0125 0.1 0.025
0 0.896875 0.0375 0.071875 0.0296875
0 0.68046875 0.01015625 0.0703125 0.0203125
0 0.628125 0.025 0.0484375 0.015625
0 0.52421875 0.0125 0.1015625 0.025
0 0.4078125 0.0609375 0.1 0.0328125