0 0.36953125 0.7828125 0.1703125 0.228125
0 0.5234375 0.79453125 0.06875 0.125
0 0.5171875 0.9 0.0265625 0.0421875
0 0.4578125 0.40703125 0.1265625 0.2
0 0.56953125 0.06171875 0.071875 0.11875
0 0.5953125 0.1828125 0.075 0.10625
0 0.64765625 0.11796875 0.0375 0.075
0 0.5796875 0.32734375 0.0578125 0.0765625
0 0.60234375 0.38359375 0.021875 0.05
0 0.53984375 0.58671875 0.0453125 0.1203125
0 0.57421875 0.48359375 0.0453125 0.1046875
0 0.6109375 0.60625 0.0453125 0.103125
0 0.04296875 0.73984375 0.0859375 0.2234375
0 0.94921875 0.84609375 0.0375 0.1203125
0 0.94140625 0.953125 0.01875 0.040625
0 0.0359375 0.35546875 0.0671875 0.19375
0 0.99375 0.1625 0.0125 0.075
0 0.996875 0.3796875 0.00625 0.071875
0 0.98671875 0.43046875 0.021875 0.05
0 0.98359375 0.534375 0.0328125 0.103125
0 0.92421875 0.6453125 0.0453125 0.103125