0 0.7400507671875001 0.6514064578125 0.7806709421875 0.668485165625 0.8048860265625001 0.6886209796875 0.8513903953125 0.7116953671874999 0.8852203937500001 0.7166688812500001 0.8990213718750001 0.7002614421875 0.89234503125 0.6931344578124999 0.895625109375 0.6857798046875 0.759052928125 0.6111254390624999 0.745588759375 0.6087513421875 0.7334835656250001 0.61554151875 0.7302034875000001 0.622896171875 0.7400507671875001 0.6514064578125
0 0.6037966124999999 0.4231058984375 0.5827501203125001 0.407495303125 0.5369264125 0.3974320921875 0.5248188703125 0.3873641859375 0.50943125 0.38465093281249996 0.48250526093749996 0.3967608234375 0.4796805203125 0.42402831562500004 0.47481614531250005 0.42912036093749995 0.49280788124999997 0.445183946875 0.49812759531250006 0.4600047421875 0.5121585890625 0.47041180625 0.5661290984375 0.4848864 0.578348128125 0.48307443437500003 0.5823065203125 0.471872875 0.5559426609375 0.4582995671875 0.5557149921875 0.4483431484375 0.6208847125 0.44991805312500005 0.6766648390625 0.45975359375 0.6999715921874999 0.4569218109375 0.6755311859375001 0.443687659375 0.6037966124999999 0.4231058984375
0 0.5027502125 0.343807784375 0.44991100937499995 0.328541040625 0.39345256875 0.3225524046875 0.381347375 0.32934258125000004 0.42660660312500004 0.34823090625 0.41676401875 0.3534367859375 0.416538696875 0.36033844843749996 0.4490120703125 0.37300577343749997 0.5193876687500001 0.38442326250000003 0.5822947796875 0.38758246406249997 0.6739421937500001 0.40770888593750004 0.701095853125 0.405555415625 0.6743928375 0.3939055609375 0.626306521875 0.38542664531250004 0.5979053750000001 0.366535971875 0.5071639453125 0.3525190640625 0.5027502125 0.343807784375
0 0.52774570625 0.280784490625 0.47649079843750003 0.26778035624999996 0.46167000312499995 0.2731000703125 0.43666511874999997 0.2686910359375 0.42489908125 0.2735577578125 0.4285206640625 0.281137734375 0.4458317375 0.28419014374999996 0.4394969015625 0.29199778906249996 0.44345764218749995 0.2976543125 0.4796640859375 0.306021740625 0.46371198593749996 0.3121336015625 0.46574927343750006 0.31745096875 0.5615827484375 0.3363322515625 0.5725589859375 0.34719230625 0.5925856609375 0.3517151765625 0.598242184375 0.3477544359375 0.5967693749999999 0.3336119546875 0.5107784843750001 0.3095247921875 0.513266415625 0.301038834375 0.49765112499999997 0.2883691609375 0.530235984375 0.28915661406250004 0.5339690546875 0.2848567171875 0.52774570625 0.280784490625
0 1 0.42154327656249996 0.9491027125 0.4106122421875 0.9431070328125 0.41649643437500006 0.947520765625 0.42520771562500004 0.9325861359375001 0.42554921874999996 0.8175181328125 0.4032763703125 0.8041677999999999 0.405880484375 0.8112971312499999 0.4160622265625 0.8197830906249999 0.4185501578125 0.9205947765625 0.4373176046875 0.9735454671875001 0.440704475 0.9922131671875001 0.43606307343750006 1 0.43677671250000005 1 0.42154327656249996
0 0.7032352359375 0.33156057968749997 0.684000709375 0.3281690140625 0.6622782515625001 0.33326340625 0.683550065625 0.3419723390625 0.6997321828125 0.3626749796875 0.7290369640625001 0.370817084375 0.777915428125 0.3804273046875 0.810386453125 0.376236546875 0.833467884375 0.3803064265625 0.941408903125 0.40925561562499996 0.9474045828125 0.4033714234375 0.9233033328125 0.38821381875 0.8746501906249999 0.3717019375 0.8005415203125 0.36458434375 0.7032352359375 0.33156057968749997
0 0.5982374890625 0.314038271875 0.608760734375 0.32184356875 0.6307108609375 0.326705596875 0.6444003515625 0.3221780296875 0.6096643687500001 0.3110950015625 0.5982374890625 0.314038271875
0 0.688525928125 0.325000421875 0.6886374140625 0.31312055 0.710020715625 0.309949609375 0.6913506671875 0.29773292812499996 0.6486955531249999 0.2921949359375 0.6411155765625 0.29581651875000003 0.6577506859375 0.3195739171875 0.66623664375 0.322061846875 0.688525928125 0.325000421875
0 0.13210007031249998 0.3538158578125 0.13956855937499998 0.3620741453125 0.1421726734375 0.37542447968750003 0.15303507656249998 0.381306325 0.2563346921875 0.3915878140625 0.2627833640625 0.388758378125 0.279416125 0.3956576921875 0.30317586875 0.39588066718750003 0.3091715484375 0.3899964734375 0.291746640625 0.3819658546875 0.25836963281249997 0.3800470984375 0.19930473124999998 0.3438500453125 0.0237060625 0.3218119109375 0.0224632703125 0.33448393125 0.03977434375 0.337536340625 0.0450940578125 0.3523571359375 0.065573725 0.3599347625 0.07123259531250001 0.37283210625 0.0910339484375 0.3842566390625 0.098955428125 0.395569684375 0.130636653125 0.40710570468749996 0.12588611249999998 0.417175959375 0.1330154453125 0.4273577015625 0.17216515937500002 0.447152009375 0.1960387390625 0.45235319374999994 0.20723794999999998 0.43945350312500003 0.198185165625 0.42893260624999996 0.1467025875 0.405972053125 0.1298421578125 0.3891163171875 0.08956113906249999 0.37011415625 0.0738320125 0.352466275 0.07168089062500001 0.34217069843750003 0.13210007031249998 0.3538158578125
0 0.35203555 0.270626228125 0.348074809375 0.26496970468750003 0.29003207343750004 0.256718459375 0.2808654546875 0.2412193515625 0.17564238593749998 0.2305987046875 0.171909315625 0.2348986015625 0.1758700546875 0.24055512499999998 0.1527886234375 0.2364852453125 0.156068703125 0.22913059218749998 0.1371733328125 0.22381557343749997 0.11759964999999999 0.22234745937499997 0.09440673125 0.230157453125 0.07867995312500001 0.22936765312500002 0.0612573921875 0.238195115625 0.0386289515625 0.23717999375 0.0377253171875 0.2479285625 0.0687282296875 0.2633114875 0.0734811171875 0.270099315625 0.131184696875 0.2802740125 0.142611578125 0.2773307421875 0.13944298593749999 0.272805525 0.1447603515625 0.2707682375 0.1701043921875 0.2732538203125 0.19261899843750002 0.2692907328125 0.194428615625 0.264651678125 0.1858288234375 0.2571855375 0.1989514875 0.24462500468749998 0.27656790625 0.25434436250000003 0.278379871875 0.2665633921875 0.2938813265625 0.2742548546875 0.2891307875 0.284325109375 0.200201321875 0.28252723125 0.1758770984375 0.291129371875 0.185269040625 0.2997268171875 0.2673015390625 0.3350155390625 0.27771095 0.33784262656249997 0.28755353437500003 0.332636746875 0.2960371453125 0.3182665953125 0.30112449375 0.28941480625 0.31526697656249997 0.287941996875 0.313115853125 0.27764642031250003 0.3206958296875 0.2740248375 0.3460398703125 0.2765104203125 0.35203555 0.270626228125
0 0.35531328125 0.246413490625 0.34773330625 0.250035075 0.352939184375 0.25987765937499996 0.37681276406249997 0.26507884375 0.3971785953125 0.2676782609375 0.40283511875 0.26371752187499997 0.35531328125 0.246413490625
0 0.438040528125 0.39586188437500003 0.4421127546875 0.389638534375 0.4311365171875 0.3787784796875 0.4080550859375 0.3747086 0.3776213484375 0.38421672500000004 0.3820350796875 0.3929280046875 0.42389804687500005 0.3973346921875 0.438040528125 0.39586188437500003
0 1 0.49557565156249994 0.983961921875 0.494105809375 0.9475278093749999 0.4757819625 0.882469575 0.46232718437500003 0.8544075859375001 0.4415130578125 0.8159385328125 0.4347299265625 0.810282009375 0.4386906671875 0.8178643328125 0.451927165625 0.81311379375 0.4619974203125 0.7857348125 0.471052553125 0.7296155296875 0.4631404640625 0.7197729453124999 0.46834634375000006 0.7215849109375 0.48056537343750005 0.7290533984375 0.4888236609375 0.759828640625 0.49425016718750003 0.7936609890625 0.5160817640625 0.8052017046875 0.518116703125 0.8158364375 0.514042128125 0.8710497374999999 0.515844703125 0.8763671046875 0.513807415625 0.8768177484375 0.500004090625 0.8863211765625 0.4967216625 0.9620141421874999 0.506101865625 0.980684190625 0.518318546875 0.9413115031249999 0.5222839828125 0.9367886328124999 0.54231065625 0.944257121875 0.5505689453125 0.974467884375 0.564820565625 0.9956258640625 0.5685512890625 1 0.5416519625 1 0.49557565156249994
0 0.724967084375 0.3938985171875 0.733566878125 0.40136465781249997 0.76513426875 0.4079224671875 0.7711299484375 0.40203827499999994 0.7287001546874999 0.38959862031250003 0.724967084375 0.3938985171875
0 0.8451273625000001 1 0.8384731625 0.9817856031250001 0.8049823203124999 0.9748886375 0.753390603125 0.9806660390624999 0.7237490140625 0.9913054671875001 0.679737271875 0.9934612859374999 0.674432 1 0.8451273625000001 1
0 0.6941425375 0.03445228125 0.6447200140625 0.0178047375 0.5549391625 0.00197395 0.549769753125 0.0040373265625000005 0.5525991890624999 0.010485998437500001 0.54592754375 0.037075178125000004 0.567087871875 0.0576639828125 0.5824754921874999 0.060377235937499996 0.5972962875000001 0.055057521875 0.6437983078125 0.061273828125 0.6689146781249999 0.053802990625000005 0.7433625046875 0.05899713125 0.7708553203124999 0.054920207812499997 0.7499226640625001 0.0442878234375 0.6941425375 0.03445228125
0 0.469333290625 0.0553016265625 0.47680177968750004 0.06355991562499999 0.427811828125 0.06582956875 0.4368646140625 0.0763504671875 0.4919664265625 0.0900329140625 0.5468405703125 0.093758940625 0.5539675546875 0.0870826 0.6440306734375 0.1049464125 0.6771800109375 0.0969087484375 0.7252663265625 0.1053876640625 0.7543434390625 0.10357335000000001 0.7295638765625 0.09226265156249999 0.6365598359375 0.079830040625 0.576365978125 0.06128321875 0.5063295343750001 0.047942276562500004 0.47148206562499995 0.0487391203125 0.469333290625 0.0553016265625
0 0.5426592046875001 0.12872024375 0.6317025046875 0.1354963328125 0.63792350625 0.122710478125 0.633962765625 0.11705395468749999 0.6135969343750001 0.11445453593749999 0.5995682875 0.1209055546875 0.5030565 0.10587117812499999 0.499323428125 0.11017107500000001 0.5122231187499999 0.12137028593750002 0.47533836249999994 0.1168497640625 0.46968183906250005 0.120810503125 0.47296426562500005 0.13031393125 0.4556531921875 0.127261521875 0.44965751249999997 0.133145715625 0.4590494546875 0.1417431609375 0.4840543390625 0.146152196875 0.49616187968750003 0.156220103125 0.548773415625 0.1615304265625 0.556014234375 0.1598322953125 0.553976946875 0.154514928125 0.52308786875 0.1441102140625 0.5420947265625 0.137545359375 0.5426592046875001 0.12872024375
0 1 0.1571647015625 0.971468265625 0.14879970781250001 0.8703174234375 0.1319557140625 0.8614923078125001 0.1313912359375 0.8513105671875 0.1385205671875 0.8629651171875 0.1455337171875 0.9787114328125 0.163959659375 0.9926285921875 0.1693885140625 0.9855016078125001 0.1760648546875 0.9891231921875001 0.1836448296875 1 0.1851500296875 1 0.1571647015625
0 0.71181155 0.170445896875 0.7310460765625 0.1738374640625 0.8337788671874999 0.1760859859375 0.9058525968750001 0.19474429375 0.9572189921875 0.1958685546875 0.9850509640625 0.1898681796875 0.9814293812500001 0.182288203125 0.870096796875 0.17257354062500002 0.847015365625 0.1685036609375 0.81793590625 0.1534598921875 0.7687182859374999 0.14577312656250002 0.738396034375 0.143401378125 0.7161090984375 0.1573208859375 0.6931415015625 0.158229215625 0.71181155 0.170445896875
0 0.6725503500000001 0.16253146093749998 0.6612349546875 0.153594859375 0.638945671875 0.150656284375 0.6263874859375 0.154391703125 0.636118584375 0.16106569531249998 0.6725503500000001 0.16253146093749998
0 0.660447503125 0.18617971875 0.6663316953125 0.1921753984375 0.708308496875 0.20156029687500002 0.7300309546875 0.196465903125 0.71102175 0.186172675 0.7149801421875 0.174971115625 0.693030015625 0.1701090890625 0.6842049 0.1695446109375 0.660447503125 0.18617971875
0 0.11146196093750001 0.0209564546875 0.0770674828125 0.02480805625 0.0742403953125 0.035217467187500004 0.09585136562499999 0.042002946875 0.109204046875 0.056256915625 0.1242525109375 0.060893620312499994 0.14337555156249998 0.076165059375 0.1622709203125 0.081480078125 0.181844603125 0.082948190625 0.181277778125 0.0749152234375 0.20435920937500002 0.078985103125 0.1987026859375 0.08294584375 0.2007399734375 0.088263209375 0.303249790625 0.1142714765625 0.3171646015625 0.10284224687500002 0.374529025 0.1149403984375 0.38018554843749996 0.11097965781250001 0.3765639640625 0.1033996828125 0.35189823593749997 0.09706719375 0.34601404375 0.0910715140625 0.35155673125 0.0821325640625 0.3387708765625 0.0759115625 0.343858225 0.0470597734375 0.3408011203125 0.0306546828125 0.33333263125 0.02239639375 0.3225840640625 0.0214927578125 0.23342927656249998 0.0265965421875 0.22166323906250002 0.031463265625 0.2415784265625 0.0478660078125 0.3257597 0.0765922234375 0.3267795171875 0.0876799484375 0.309582278125 0.0896057484375 0.30370043281250003 0.1004681515625 0.22744064062499997 0.0830549828125 0.2194053265625 0.0667637265625 0.230040059375 0.0626891515625 0.2299262234375 0.057710940625 0.210124871875 0.0462864078125 0.18545914375 0.0399539203125 0.181159246875 0.03622085 0.18568446562500002 0.0330522578125 0.17595336718750001 0.0263782640625 0.1182497875 0.0162035671875 0.11146196093750001 0.0209564546875
0 0.401571196875 0.12466680000000001 0.377358459375 0.12138906875 0.369100171875 0.1288575578125 0.3749843640625 0.1348532375 0.42555861093749997 0.13484619375 0.42159787031249996 0.1291896703125 0.401571196875 0.12466680000000001
0 0.5055350390625 0.029952890625 0.5038369078125 0.0227120703125 0.49105105312499997 0.01649106875 0.45020555624999997 0.006314023437500001 0.443078571875 0.0129903640625 0.46842495937499995 0.0323340296875 0.49150639218750003 0.036403909375 0.5055350390625 0.029952890625
0 1 0.090540028125 0.9595790015624999 0.0812558921875 0.9517713562499999 0.07492105624999999 0.9526922593749999 0.072108553125 0.7968010015625 0.044620718749999996 0.7933699265625 0.05095712031250001 0.8008384156250001 0.05921540937500001 0.8562793843750001 0.070974403125 0.8789101734375 0.08884760781249999 0.8799299906250001 0.09993533125000001 0.8682777875 0.10978026406250001 0.872238528125 0.1154367875 0.91070758125 0.1222199203125 0.9441960765624999 0.1122588046875 1 0.12041494999999999 1 0.090540028125
0 0.818951028125 0.130831453125 0.8153294453125 0.12325147656249999 0.7834228984375 0.11861711875 0.772788165625 0.12269169375 0.774825453125 0.1280090609375 0.818951028125 0.130831453125