0 0.3765625 0.621875 0.39375 0.2421875
0 0.703125 0.43125 0.2140625 0.08125
0 0.796875 0.53125 0.2546875 0.1125
0 0.93125 0.315625 0.13125 0.071875
0 0.7421875 0.2328125 0.0640625 0.021875
0 0.459375 0.3671875 0.303125 0.090625
0 0.46875 0.271875 0.0859375 0.025
0 0.315625 0.2609375 0.171875 0.028125
0 0.471875 0.2453125 0.1328125 0.025
0 0.5984375 0.2625 0.0171875 0.00625
0 0.3765625 0.909375 0.39375 0.18125
0 0.70234375 0.0234375 0.2140625 0.046875
0 0.79609375 0.9875 0.2546875 0.025
0 0.93125 0.121875 0.13125 0.071875
0 0.7421875 0.2046875 0.0640625 0.021875
0 0.459375 0.0703125 0.303125 0.090625
0 0.46875 0.165625 0.0859375 0.025
0 0.315625 0.1765625 0.171875 0.028125
0 0.471875 0.1921875 0.1328125 0.025
0 0.5984375 0.175 0.0171875 0.00625