0 0.665625 0.10625 0.0359375 0.096875
0 0.65625 0.159375 0.0203125 0.0828125
0 0.64140625 0.16171875 0.0265625 0.0703125
0 0.6375 0.259375 0.0328125 0.096875
0 0.61328125 0.284375 0.0375 0.14375
0 0.57578125 0.37578125 0.0546875 0.1734375
0 0.51796875 0.571875 0.146875 0.34375
0 0.44249303749999996 1 0.47919726875 0.8912851281249999 0.4670961734375 0.8474330140624999 0.45937778125 0.7845717578125 0.45164473125000004 0.7284290328125 0.4464223625 0.658544571875 0.4460161328125 0.655236084375 0.4384275578125 0.6276217328125 0.42123179843749997 0.6448457546874999 0.3304043609375 0.821397490625 0.30008769218750003 0.9779255671874999 0.3001482671875 1 0.44249303749999996 1
0 0.83984375 0.08515625 0.0359375 0.096875
0 0.8609375 0.134375 0.0203125 0.0828125
0 0.8765625 0.1328125 0.0265625 0.0703125
0 0.90390625 0.2265625 0.0328125 0.096875
0 0.9328125 0.2453125 0.0375 0.14375
0 0.978125 0.32578125 0.028125 0.1703125
0 0.2169038640625 1 0.21406702656249998 0.9884875765625001 0.1467833234375 0.8439433187500001 0.020824253125 0.70018124375 0.0576373671875 1 0.2169038640625 1