0 0.115625 0.3140625 0.0953125 0.03125
0 0.16796875 0.32578125 0.0828125 0.0171875
0 0.16953125 0.34140625 0.0703125 0.0234375
0 0.2671875 0.35 0.096875 0.028125
0 0.290625 0.375 0.14375 0.0296875
0 0.3796875 0.4171875 0.171875 0.046875
0 0.57265625 0.48515625 0.3390625 0.13125
0 1 0.602002825 0.9987816390625 0.58457945 0.8896601546875 0.5412525031250001 0.845234815625 0.5510419718749999 0.782055759375 0.5554598828125 0.7255852593750001 0.5602440515625 0.6555232546875 0.5618017921875 0.6521980421875 0.5620343140624999 0.6242243796875 0.5681672640625 0.6405248390625 0.58624089375 0.8120810765625001 0.686183859375 0.966807984375 0.7246510265625 1 0.7262992265625 1 0.602002825
0 0.10390625 0.1390625 0.0953125 0.03125
0 0.15390625 0.1203125 0.0828125 0.0171875
0 0.153125 0.1046875 0.0703125 0.0234375
0 0.2484375 0.08203125 0.096875 0.028125
0 0.26796875 0.05390625 0.14375 0.0296875
0 0.35078125 0.01328125 0.1703125 0.0203125
0 1 0.8059071078125 0.9728535453125 0.8111065765625 0.8249860234374999 0.8707332078125001 0.67482878125 0.9889957296875 0.9855400624999999 0.9672686796875001 1 0.9590356984374999 1 0.8059071078125