0 0.1484375 0.5703125 0.1859375 0.115625
0 0.078125 0.46875 0.1359375 0.0546875
0 0.3453125 0.55 0.0453125 0.04375
0 0.7546875 0.6875 0.1671875 0.071875
0 0.9265625 0.7078125 0.0828125 0.040625
0 0.9296875 0.7890625 0.128125 0.0890625
0 0.778125 0.41875 0.0828125 0.034375
0 0.915625 0.4484375 0.071875 0.0234375
0 0.8703125 0.5796875 0.21875 0.0640625
0 0.63125 0.5390625 0.0796875 0.0515625
0 0.5359375 0.4640625 0.03125 0.0234375
0 0.5296875 0.3625 0.0640625 0.021875
0 0.75390625 0.98125 0.1671875 0.0375
0 0.9265625 0.978125 0.0828125 0.040625
0 0.9296875 0.896875 0.128125 0.0890625