0 0.58828125 0.15234375 0.125 0.1921875
0 0.490625 0.07734375 0.0625 0.1390625
0 0.5578125 0.3484375 0.0453125 0.046875
0 0.67421875 0.7640625 0.08125 0.1703125
0 0.68515625 0.93671875 0.0453125 0.084375
0 0.76640625 0.9390625 0.0953125 0.121875
0 0.4046875 0.7734375 0.0390625 0.084375
0 0.4265625 0.9125 0.0265625 0.0734375
0 0.56015625 0.87421875 0.075 0.221875
0 0.53203125 0.6328125 0.05625 0.0828125
0 0.4625 0.534375 0.025 0.0328125
0 0.3609375 0.52265625 0.025 0.065625
0 0.9671875 0.77890625 0.046875 0.16875
0 0.95546875 0.95078125 0.0453125 0.084375
0 0.87421875 0.94140625 0.0953125 0.1171875