0 0.395307596875 0.6994214359375001 0.43434388437499993 0.7057613171875 0.44973568124999996 0.6928210499999999 0.4685354140625 0.687177071875 0.4824365140625 0.6665678421875 0.49010547656250003 0.6650771468750001 0.49396689374999997 0.6593523593749999 0.4951387859375 0.6551452046875 0.48204133125000004 0.5980006609374999 0.4718175234375 0.5761117953125 0.461140234375 0.5672440046875 0.45693307968749997 0.5660721109375 0.44196782968750004 0.5709707421875 0.4145383015625 0.6141064421875 0.4018629640625 0.620549640625 0.396057371875 0.6316265390625 0.3852723390625 0.6426765015625 0.383193484375 0.67292580625 0.3873198328125 0.6890360140625 0.3895828109375 0.69556001875 0.395307596875 0.6994214359375001
0 0.4715123765625 0.7741443734375 0.48000749374999996 0.7615498453125 0.482032478125 0.7412594171875 0.476788109375 0.7193974875 0.45953294375000003 0.7227515515625 0.4556715265625 0.7284763375 0.461607371875 0.764131625 0.4715123765625 0.7741443734375
0 0.37236786093749996 0.4790465109375 0.3769207546875 0.4871150828125 0.38027481875 0.5043702484375 0.39132478125 0.5151552796875001 0.3971034390625 0.5090578203125 0.397529984375 0.5010161828124999 0.40253635781249997 0.49606368125 0.4011264703125 0.473456403125 0.40759660468750003 0.4811523015625 0.40945997343749996 0.4907385046875 0.4189384328125 0.5087928890625 0.4223733046875 0.5111097390625 0.4285246359375 0.5069295203124999 0.42591591875 0.49350883593750006 0.42021806875 0.4846679796875 0.41537330937499994 0.459743853125 0.40506869375 0.4527933015625 0.399316971875 0.45391132343749996 0.3973458609375 0.4642428734375 0.3904761171875 0.4596091734375 0.37396630000000003 0.46679771875 0.37164945 0.47023259062499995 0.37236786093749996 0.4790465109375
0 0.523910675 0.43466696406249994 0.5280908953125001 0.44081829531250005 0.5338426171874999 0.43970027343750007 0.538503253125 0.4278510921875 0.5340311671875 0.40484420468750004 0.5279606421875 0.394086109375 0.5016266265625 0.376323590625 0.49393072812499994 0.38279372500000003 0.49917509843749996 0.40465565468750003 0.5105438625 0.427316803125 0.523910675 0.43466696406249994
0 0.5697584078125 0.5272287999999999 0.5629964078125 0.502677346875 0.549710403125 0.48038887187499996 0.5451036375 0.4822791765625 0.5446770921875 0.4903208125 0.539271109375 0.4983355125 0.5313102796875 0.4829706515625 0.527875409375 0.4806538015625 0.5236413171875001 0.48446134687500003 0.523479703125 0.514337978125 0.5264880296875 0.5246964640625 0.5371922546875 0.5285848171875001 0.5395091046875 0.5251499453124999 0.538018409375 0.5174809828125 0.5437970671875 0.5113835234375 0.563234403125 0.5294917796874999 0.5697584078125 0.5272287999999999
0 0.5875522890625 0.42428596875 0.5844631546875 0.428865796875 0.586726134375 0.4353898015625 0.5923431765625 0.45916897343749996 0.6080268390625 0.4630842609375 0.61564193125 0.47155244218750003 0.61795878125 0.46811757031249995 0.6152961921875 0.4646557640625 0.60975995625 0.425938278125 0.5975919734375 0.409401525 0.5918402515625 0.4105195453125 0.58606159375 0.41661700625 0.5875522890625 0.42428596875
0 0.58139653125 0.500095565625 0.570238825 0.5092282875 0.5732471515625 0.5195867734374999 0.5823798734375 0.5307444796875 0.5846159171875 0.5422479234375001 0.589968028125 0.5441920984374999 0.59153953125 0.536922746875 0.5852040765625001 0.50432965625 0.58139653125 0.500095565625
0 0.6368304671875 0.5907940328125 0.62871245 0.533676425 0.6184078359375 0.526725875 0.6130287875 0.5297611359375 0.6110846109375 0.5351132484375001 0.6173931296874999 0.5726857765625 0.6265258515625 0.5838434828125 0.6276438734374999 0.5895952046875 0.6310787453125 0.5919120546875 0.6368304671875 0.5907940328125
0 0.49103457187500005 0.28088810625 0.4837113484375 0.28927548125 0.485228978125 0.29196500468750003 0.49398902656250004 0.3012054703125 0.4939351546875 0.311164346875 0.5027221390625 0.3154253734375 0.5068754234374999 0.3265561421875 0.514144775 0.3281276453125 0.5278842625 0.3373950453125 0.53100033125 0.327835778125 0.5283916140625 0.3144150953125 0.52040385 0.304029671875 0.49103457187500005 0.28088810625
0 0.05706108125 0.74925245 0.06473004375 0.7477617546875 0.085339275 0.7616628546875 0.10488435468749999 0.7598533578125 0.12400288749999999 0.7660854968749999 0.15782174375 0.745584009375 0.1616831609375 0.7398592234375 0.161337421875 0.73296254375 0.15912831562500002 0.7164796625000001 0.145869246875 0.6892117484375 0.1317301484375 0.6830065453125 0.1221978171875 0.6749110390624999 0.1080317875 0.6736852734375 0.066440653125 0.64396583125 0.050730054687500005 0.64502998125 0.0472682484375 0.6476925687499999 0.0406903703125 0.659914425 0.039410734375 0.6840393328125 0.048673709375 0.741929225 0.051336296875 0.7453910328125 0.05706108125 0.74925245
0 0.11515760625 0.843412725 0.120590525 0.8304185859375 0.11273744062499999 0.795135971875 0.10701265468750001 0.7912745546875 0.0897574875 0.79462861875 0.09308461875 0.816863221875 0.10256307812500001 0.83491760625 0.11515760625 0.843412725
0 0.0665258875 0.5573981375 0.06466251875 0.5478119343750001 0.0677785859375 0.53825266875 0.074940196875 0.5597419234375 0.0814372671875 0.5624583828125 0.084845203125 0.569754671875 0.0924872296875 0.573243415625 0.0986924328125 0.55910431875 0.0953383671875 0.541849153125 0.096537196875 0.5326625609375 0.09390154375000001 0.5242213140625 0.090466671875 0.5219044640625 0.0724661578125 0.5214240484375 0.067832459375 0.528293790625 0.062134609375000004 0.5194529359375 0.0563828859375 0.5205709578125 0.0494323359375 0.530875571875 0.054277096875 0.5557997 0.052305984375 0.56613125 0.0549147015625 0.579551934375 0.062184053125000006 0.5811234375 0.0645009046875 0.577688565625 0.0665258875 0.5573981375
0 0.9481551343750001 0.324346659375 0.9526272203125 0.34735354687500003 0.96138726875 0.3565940125 0.9671389906250001 0.355475990625 0.9687104921874999 0.3482066375 0.9777078953125 0.3371725421875 0.9677285187500001 0.28583309843750004 0.967516090625 0.285763853125 0.9497535734375001 0.31209786875 0.9481551343750001 0.324346659375
0 0.9866527078124999 0.43027530937499997 0.988143403125 0.437944271875 0.991578275 0.440261121875 0.996828546875 0.435539765625 0.9898819078125 0.3998024015625 0.9876135406250001 0.3942742828125 0.9822614296875001 0.39233010625000003 0.9799445796875 0.395764978125 0.9783192046875 0.4129932078125 0.9703045046875 0.407587225 0.96689656875 0.4002909359375 0.9619171296875001 0.40026400000000006 0.9579479703124999 0.4259065390625 0.9608754890625001 0.45120334062499995 0.96777216875 0.45085760312499995 0.9790106812499999 0.42678656562499995 0.9866527078124999 0.43027530937499997
0 0.91039405625 0.3655112484375 0.9058142265625 0.3624221140625 0.90432353125 0.3547531515625 0.8966815046875001 0.35126440937500003 0.8909297828125 0.3523824296875 0.8858426015624999 0.3722732484375 0.89521331875 0.41024538593750004 0.8940414265625 0.414452540625 0.8974762984375 0.416769390625 0.90136465 0.4060651671875 0.9144395968750001 0.39655977187499997 0.91073979375 0.3724079265625 0.91039405625 0.3655112484375
0 0.94849201875 0.4745020953125 0.9527261109375 0.47069455 0.9504900671875 0.45919110625000004 0.9547780296875 0.445424684375 0.95368694375 0.43469352343749995 0.939920521875 0.43040556093750004 0.9379763453125 0.4357576734375 0.9443118 0.4683507640625 0.94849201875 0.4745020953125
0 0.9086295765625 0.479266046875 0.9224993156249999 0.535265634375 0.9282510374999999 0.5341476125 0.9305678875 0.5307127406250001 0.9294498656249999 0.52496101875 0.9337378281250001 0.511194596875 0.92551206875 0.4739947421875 0.9217045234375 0.4697606515625 0.9155801265625 0.46896143281249997 0.9086295765625 0.479266046875
0 0.9511983640624999 0.2007928265625 0.9506352124999999 0.1978956640625 0.9415861109374999 0.193309759375 0.923024375 0.2257681703125 0.9195086953124999 0.2383896359375 0.9221174124999999 0.2518103203125 0.9285875453125 0.2595062171875 0.937854946875 0.24576673124999998 0.944006278125 0.2415865125 0.9436874749999999 0.2297103953125 0.9502384171875 0.222467978125 0.94645780625 0.2132544484375 0.9511184421875001 0.20140526718750001 0.9511983640624999 0.2007928265625