0 0.65546875 0.490625 0.090625 0.2203125
0 0.6671875 0.70625 0.059375 0.1234375
0 0.61640625 0.73984375 0.046875 0.0796875
0 0.55 0.7484375 0.0265625 0.0640625
0 0.58984375 0.87265625 0.0390625 0.096875
0 0.63125 0.88984375 0.046875 0.1015625
0 0.69453125 0.91875 0.0796875 0.0984375
0 0.55390625 0.61484375 0.0328125 0.06875
0 0.56328125 0.45625 0.0421875 0.090625
0 0.54765625 0.25234375 0.025 0.05625
0 0.5046875 0.31953125 0.0328125 0.08125
0 0.49609375 0.41484375 0.021875 0.0578125
0 0.61328125 0.5609375 0.0625 0.2015625
0 0.7109375 0.4796875 0.090625 0.2203125
0 0.06484375 0.8234375 0.04375 0.1203125
0 0.78125 0.684375 0.059375 0.1234375
0 0.11640625 0.8375 0.046875 0.0796875
0 0.840625 0.69609375 0.046875 0.0796875
0 0.18203125 0.81953125 0.0265625 0.0640625
0 0.90546875 0.67890625 0.0265625 0.0640625
0 0.19140625 0.95 0.0390625 0.096875
0 0.91484375 0.809375 0.0390625 0.096875
0 0.159375 0.965625 0.046875 0.06875
0 0.8828125 0.840625 0.046875 0.1015625
0 0.8359375 0.89140625 0.0796875 0.0984375
0 0.128125 0.6984375 0.0328125 0.06875
0 0.8515625 0.55703125 0.0328125 0.06875
0 0.06015625 0.55390625 0.0421875 0.090625
0 0.78359375 0.41328125 0.0421875 0.090625
0 0.00546875 0.3578125 0.0109375 0.05625
0 0.721875 0.21796875 0.025 0.05625
0 0.06328125 0.40546875 0.0328125 0.08125
0 0.78671875 0.2640625 0.0328125 0.08125
0 0.10625 0.490625 0.021875 0.0578125
0 0.83046875 0.35 0.021875 0.0578125
0 0.05234375 0.66953125 0.0625 0.2015625
0 0.7765625 0.52890625 0.0625 0.2015625