0 0.67734375 0.51875 0.1046875 0.184375
0 0.3203125 0.51171875 0.146875 0.2734375
0 0.46015625 0.234375 0.10625 0.1140625
0 0.43515625 0.3859375 0.1015625 0.1328125
0 0.52890625 0.4734375 0.228125 0.39375
0 0.62109375 0.49921875 0.075 0.1203125
0 0.3734375 0.18203125 0.1171875 0.178125
0 0.87109375 0.5671875 0.1046875 0.184375
0 0.11875 0.4609375 0.146875 0.2734375
0 0.125 0.15078125 0.10625 0.1140625
0 0.07578125 0.29609375 0.1015625 0.1328125
0 0.9546875 0.5828125 0.090625 0.36875
0 0.93046875 0.5765625 0.075 0.1203125
0 0.22578125 0.1453125 0.1171875 0.178125