0 0.32421875 0.46875 0.0703125 0.175
0 0.66953125 0.5609375 0.0953125 0.2640625
0 0.61171875 0.25546875 0.0890625 0.1
0 0.59375 0.4078125 0.0796875 0.121875
0 0.47890625 0.46640625 0.1546875 0.375
0 0.38359375 0.46640625 0.053125 0.1125
0 0.709375 0.22890625 0.0859375 0.1671875
0 0.12421875 0.46171875 0.0703125 0.175
0 0.87734375 0.56796875 0.0953125 0.2640625
0 0.95625 0.2671875 0.0875 0.1
0 0.96171875 0.4203125 0.0765625 0.121875
0 0.0234375 0.45 0.046875 0.371875
0 0.065625 0.45546875 0.053125 0.1125
0 0.8609375 0.234375 0.0859375 0.1671875