0 0.425 0.5078125 0.0484375 0.028125
0 0.378125 0.575 0.0578125 0.040625
0 0.31875 0.5625 0.0375 0.021875
0 0.5125 0.5828125 0.028125 0.021875
0 0.4734375 0.50625 0.028125 0.0203125
0 0.521875 0.51875 0.05 0.0375
0 0.58125 0.5765625 0.0203125 0.0234375
0 0.646875 0.628125 0.053125 0.0390625
0 0.7078125 0.55 0.0484375 0.0359375
0 0.8 0.609375 0.0265625 0.028125
0 0.696875 0.365625 0.0828125 0.0328125
0 0.80625 0.4125 0.121875 0.0375
0 0.74375 0.4578125 0.0328125 0.028125
0 0.678125 0.45 0.0375 0.015625
0 0.8015625 0.478125 0.0546875 0.03125
0 0.90625 0.521875 0.1609375 0.146875
0 0.434375 0.45625 0.20625 0.0484375
0 0.4515625 0.3953125 0.175 0.0328125
0 0.37734375 0.99453125 0.0578125 0.0109375
0 0.5125 0.9953125 0.028125 0.009375
0 0.58046875 0.99765625 0.0203125 0.0046875
0 0.646875 0.95625 0.053125 0.0390625
0 0.8 0.975 0.0265625 0.028125
0 0.696875 0.04375 0.0828125 0.0328125
0 0.80625 0.0078125 0.121875 0.015625
0 0.4515625 0.01484375 0.175 0.0296875