0 0.49453125 0.575 0.0359375 0.053125
0 0.55234375 0.6328125 0.05 0.0640625
0 0.5296875 0.6890625 0.028125 0.040625
0 0.58359375 0.50234375 0.0265625 0.03125
0 0.5015625 0.52734375 0.025 0.03125
0 0.521875 0.48203125 0.0453125 0.05625
0 0.58984375 0.43359375 0.0265625 0.0234375
0 0.6515625 0.37734375 0.0484375 0.059375
0 0.58515625 0.30390625 0.04375 0.0546875
0 0.66015625 0.2234375 0.0328125 0.03125
0 0.4015625 0.2828125 0.046875 0.0875
0 0.4671875 0.18359375 0.0578125 0.1265625
0 0.50078125 0.25234375 0.0328125 0.0375
0 0.48203125 0.315625 0.021875 0.0390625
0 0.53046875 0.19921875 0.040625 0.059375
0 0.5921875 0.10390625 0.171875 0.184375
0 0.4453125 0.55703125 0.0828125 0.2109375
0 0.38828125 0.5296875 0.0625 0.178125
0 0.965625 0.70703125 0.0203125 0.059375
0 0.98984375 0.5734375 0.0140625 0.0296875
0 0.975 0.434375 0.0484375 0.059375
0 0.08515625 0.2265625 0.046875 0.0875
0 0.06875 0.11328125 0.0359375 0.1234375
0 0.021875 0.4625 0.04375 0.178125