0 0.5517578125 0.673828125 0.5126953125 0.677734375 0.484375 0.7001953125 0.482421875 0.7099609375 0.4765625 0.7158203125 0.48046875 0.7392578125 0.4970703125 0.75390625 0.5361328125 0.75390625 0.5712890625 0.767578125 0.599609375 0.7666015625 0.6220703125 0.76171875 0.646484375 0.7353515625 0.6484375 0.7158203125 0.64453125 0.7080078125 0.6357421875 0.697265625 0.6259765625 0.6953125 0.6123046875 0.68359375 0.5771484375 0.68359375 0.5693359375 0.677734375 0.5517578125 0.673828125
0 0.1220703125 0.693359375 0.154296875 0.6572265625 0.1455078125 0.650390625 0.1240234375 0.650390625 0.0908203125 0.662109375 0.0703125 0.6826171875 0.068359375 0.6962890625 0.0791015625 0.703125 0.1015625 0.7021484375 0.1220703125 0.693359375
0 0.494140625 0.5126953125 0.5029296875 0.521484375 0.5263671875 0.52734375 0.560546875 0.5283203125 0.5986328125 0.52734375 0.6240234375 0.521484375 0.6328125 0.5166015625 0.634765625 0.5029296875 0.6240234375 0.4921875 0.5751953125 0.48046875 0.5400390625 0.48046875 0.4990234375 0.494140625 0.4921875 0.5029296875 0.494140625 0.5126953125
0 0.431640625 0.4501953125 0.4208984375 0.44140625 0.3798828125 0.44140625 0.3603515625 0.44921875 0.35546875 0.4560546875 0.3662109375 0.462890625 0.39453125 0.4619140625 0.4287109375 0.455078125 0.431640625 0.4501953125
0 0.6005859375 0.451171875 0.66796875 0.4501953125 0.6943359375 0.4453125 0.701171875 0.4404296875 0.701171875 0.4345703125 0.6943359375 0.4296875 0.6611328125 0.423828125 0.5966796875 0.42578125 0.576171875 0.4326171875 0.576171875 0.4384765625 0.5830078125 0.4453125 0.6005859375 0.451171875
0 0.52734375 0.4287109375 0.5458984375 0.427734375 0.5712890625 0.4140625 0.5908203125 0.412109375 0.599609375 0.4052734375 0.5595703125 0.400390625 0.5107421875 0.404296875 0.484375 0.4169921875 0.484375 0.4228515625 0.4912109375 0.427734375 0.52734375 0.4287109375
0 0.6923828125 0.39453125 0.6953125 0.3896484375 0.6826171875 0.3828125 0.6669921875 0.380859375 0.6318359375 0.380859375 0.60546875 0.3876953125 0.6123046875 0.39453125 0.6240234375 0.396484375 0.671875 0.3974609375 0.6923828125 0.39453125
0 0.626953125 0.3701171875 0.6025390625 0.361328125 0.5771484375 0.361328125 0.5546875 0.3681640625 0.5546875 0.3720703125 0.5615234375 0.375 0.603515625 0.3759765625 0.6181640625 0.375 0.626953125 0.3701171875
0 0.4794921875 0.3828125 0.4521484375 0.384765625 0.4453125 0.3916015625 0.4501953125 0.3984375 0.484375 0.3974609375 0.4921875 0.3935546875 0.4921875 0.3876953125 0.4794921875 0.3828125
0 0.4306640625 0.427734375 0.43359375 0.4208984375 0.4248046875 0.416015625 0.3896484375 0.412109375 0.3720703125 0.416015625 0.365234375 0.4228515625 0.3662109375 0.427734375 0.3779296875 0.43359375 0.416015625 0.4326171875 0.4306640625 0.427734375
0 0.3837890625 0.40234375 0.38671875 0.3955078125 0.3564453125 0.390625 0.3369140625 0.392578125 0.32421875 0.4013671875 0.3271484375 0.408203125 0.345703125 0.4091796875 0.3720703125 0.408203125 0.3837890625 0.40234375
0 0.29296875 0.4287109375 0.2939453125 0.43359375 0.310546875 0.4345703125 0.3291015625 0.4296875 0.330078125 0.4228515625 0.3095703125 0.419921875 0.29296875 0.4287109375
0 0.4228515625 0.3515625 0.3955078125 0.353515625 0.380859375 0.3642578125 0.3876953125 0.369140625 0.408203125 0.3701171875 0.421875 0.3623046875 0.42578125 0.3564453125 0.4228515625 0.3515625
0 0.5458984375 0.345703125 0.5244140625 0.349609375 0.51953125 0.3544921875 0.5244140625 0.359375 0.556640625 0.3603515625 0.5869140625 0.353515625 0.587890625 0.3486328125 0.5458984375 0.345703125
0 0.4267578125 0.333984375 0.423828125 0.3369140625 0.4267578125 0.341796875 0.4384765625 0.34375 0.466796875 0.3427734375 0.470703125 0.3388671875 0.4658203125 0.333984375 0.4267578125 0.333984375
0 0.517578125 0.3310546875 0.5224609375 0.3359375 0.546875 0.3369140625 0.55859375 0.3330078125 0.5517578125 0.328125 0.5205078125 0.328125 0.517578125 0.3310546875
0 0.58203125 0.3251953125 0.5869140625 0.33203125 0.60546875 0.3330078125 0.6220703125 0.33203125 0.626953125 0.3251953125 0.6162109375 0.322265625 0.58203125 0.3251953125
0 0.67578125 0.3291015625 0.681640625 0.3251953125 0.6767578125 0.3203125 0.650390625 0.3232421875 0.6552734375 0.330078125 0.67578125 0.3291015625
0 0.6376953125 0.310546875 0.6162109375 0.3125 0.611328125 0.3173828125 0.6201171875 0.322265625 0.640625 0.3212890625 0.6533203125 0.318359375 0.654296875 0.3134765625 0.6376953125 0.310546875
0 0.5712890625 0.904296875 0.5361328125 0.91796875 0.4970703125 0.91796875 0.48046875 0.9326171875 0.4765625 0.9560546875 0.482421875 0.9619140625 0.484375 0.9716796875 0.5126953125 0.994140625 0.5517578125 0.998046875 0.5693359375 0.994140625 0.5771484375 0.98828125 0.6123046875 0.98828125 0.6259765625 0.9765625 0.6357421875 0.974609375 0.64453125 0.9638671875 0.6484375 0.9560546875 0.646484375 0.9365234375 0.6220703125 0.91015625 0.599609375 0.9052734375 0.5712890625 0.904296875
0 0.141232053125 1 0.1220703125 0.978515625 0.1015625 0.9697265625 0.0791015625 0.96875 0.068359375 0.9755859375 0.0703125 0.9892578125 0.0810546875 1 0.141232053125 1
0 0.5841238843750001 0 0.58203125 0.0029296875 0.6162109375 0.005859375 0.626953125 0.0029296875 0.6248604906249999 0 0.5841238843750001 0
0 0.6538783484375 0 0.650390625 0.0048828125 0.6767578125 0.0078125 0.681640625 0.0029296875 0.67724609375 0 0.6538783484375 0
0 0.6201171875 0.005859375 0.611328125 0.0107421875 0.6162109375 0.015625 0.6376953125 0.017578125 0.654296875 0.0146484375 0.6533203125 0.009765625 0.640625 0.0068359375 0.6201171875 0.005859375