0 0.689942465625 0.3196282765625 0.6828372218750001 0.324708578125 0.6736022015625001 0.33506988125000003 0.6732008031250001 0.34502081093750003 0.6637650828125 0.3603575796875 0.66926473125 0.3950809984375 0.6646996390625 0.40371392031250003 0.6635913062500001 0.4216867015625 0.6735601859375 0.45965720625 0.7001748640625001 0.48411518437499995 0.71012579375 0.48451658281250004 0.7168296390625 0.4893872109375 0.7393675125 0.48186262031249993 0.751238546875 0.4631739296875 0.745127825 0.4245923546875 0.753131728125 0.3877301828125 0.747736915625 0.35991130937500004 0.7394005531250001 0.33849074218749997 0.7095387890625 0.3185019953125 0.689942465625 0.3196282765625
0 0.707354759375 0.847821390625 0.7241233453125 0.8787825125 0.7475868015625 0.8958297125 0.7613958890625 0.8956200375 0.766467215625 0.883940728125 0.7619890125000001 0.861909090625 0.750100028125 0.843028675 0.7093707265625 0.8168512921875 0.7039938625 0.8266015234375 0.707354759375 0.847821390625
0 0.5041157625 0.5072580109375 0.5134556203125 0.5038012515625 0.5207615624999999 0.49374548437500004 0.522882365625 0.46967993124999996 0.518500025 0.43576828437500004 0.51157753125 0.398304015625 0.5018183265625 0.3741426 0.49562071718749995 0.3662255859375 0.4818116296875 0.366435259375 0.47288214531249995 0.378725640625 0.46894607343750006 0.4287858265625 0.4744457234375 0.4635092453125 0.49436553125 0.501881146875 0.5041157625 0.5072580109375
0 0.47920539531250006 0.6496263921875001 0.48427672343749995 0.6379470828125 0.4788819109375 0.6101282078125 0.46678325468750004 0.5774387046875 0.46150225312500004 0.5753089265625 0.45450184687500006 0.5872937734375 0.46091810468750005 0.6278044281249999 0.47168977968750003 0.645873071875 0.47920539531250006 0.6496263921875001
0 0.4245323890625 0.34189039375 0.4155849546875 0.31661167031250004 0.4096928828125 0.310623734375 0.4039056453125 0.3115403421875 0.400152325 0.31905595937500003 0.3995592015625 0.35276690624999996 0.4115709703125 0.41612097031250006 0.421530875 0.435306921875 0.4273181109375 0.4343903125 0.43300051093749997 0.42656916093749997 0.43603792343750003 0.40829084375 0.4245323890625 0.34189039375
0 0.4039684671875 0.4430322109375 0.398984028125 0.42404695937500003 0.3908573390625 0.41643548125 0.39229813125 0.45674543593749994 0.403794690625 0.504361334375 0.42045844062500004 0.5284179124999999 0.4262456765625 0.5275013046875 0.42999899687500004 0.5199856890625 0.42531111875 0.4841449640625 0.4214439875 0.4659714828125 0.4039684671875 0.4430322109375
0 0.3562028609375 0.35370146406249997 0.36170250937500004 0.38842488125 0.37257902187499997 0.41339806875 0.378261421875 0.4055769171875 0.378357284375 0.3936969078125 0.37183618906250004 0.346281709375 0.36573444374999997 0.3264846859375 0.3604534421875 0.324354909375 0.35568765 0.33796329687500004 0.3562028609375 0.35370146406249997
0 0.3650903296875 0.46599840625000005 0.366914571875 0.4587883265625 0.36131008593749997 0.4171603640625 0.358054025 0.40284504062500004 0.35185641562500003 0.39492802656250003 0.3469947625 0.42041642343749996 0.35096673125 0.44549444843749997 0.361232171875 0.466609478125 0.3650903296875 0.46599840625000005
0 0.39608735 0.5243680312500001 0.3903001140625 0.5252846390625 0.3874634015625 0.538587490625 0.393669984375 0.5652890578124999 0.4014911375 0.5709714578125 0.407479071875 0.5650793843749999 0.4011676515625 0.5314732734375001 0.39608735 0.5243680312500001
0 0.43045424218750006 0.622742075 0.437062225 0.6394927109374999 0.44488337656250004 0.6451751109375 0.4495533046875 0.64344673125 0.453507325 0.63095565 0.44658483281250005 0.5934913828124999 0.439470615625 0.57978713125 0.4322605359375 0.5779628890625 0.42881274999999996 0.587407584375 0.43045424218750006 0.622742075
0 0.4300797671875 0.6890466625 0.4363732390625 0.6850836671875 0.4344351859375 0.6666046515625 0.429345909375 0.64071485625 0.42172545625 0.630056990625 0.41451537656250004 0.62823275 0.4144284890625 0.6588973109375 0.41941292812500003 0.6778825625 0.4300797671875 0.6890466625
0 0.46197544687500003 0.71563441875 0.46664537656249994 0.7139060390624999 0.465012859375 0.6973561015625 0.45728756875 0.6797936921875001 0.450383025 0.6798985296875 0.45069753593749995 0.7006121609375 0.46197544687500003 0.71563441875
0 0.3762213875 0.5987034437500001 0.3698230796875 0.5957618953125 0.3654586859375 0.5994193531249999 0.37166527031249996 0.6261209203125 0.3845667234375 0.6389085624999999 0.38832004531250003 0.6313929468749999 0.38607645625 0.6109848515625 0.3762213875 0.5987034437500001
0 0.3417227359375 0.43707119843750003 0.33674727031249996 0.43687050000000005 0.340422678125 0.47880399687499997 0.3476417328125 0.4994127921875 0.35322826875 0.5034716484375 0.3572871265625 0.4978851125 0.3532103203125 0.46590254375000006 0.3417227359375 0.43707119843750003
0 0.345434040625 0.5541429078125 0.34137518437500003 0.55972944375 0.34748590468749996 0.5983110203125 0.35083782812500003 0.6007463343749999 0.3552022203125 0.5970888765625 0.35529808281249997 0.5852088671875 0.3499032703125 0.5573899921875001 0.345434040625 0.5541429078125
0 0.330384859375 0.5090671609374999 0.3344437171875 0.5034806234375 0.3315890546875 0.4792143703125 0.32589768124999996 0.46825097031249996 0.3221443609375 0.4757665859375 0.3270329375 0.506631846875 0.330384859375 0.5090671609374999
0 0.3145149328125 0.44632416875 0.32050286875 0.44043209531249994 0.318564815625 0.42195307812499994 0.3150032203125 0.4057086765625 0.3074876046875 0.40195535624999995 0.306274434375 0.41302359375000003 0.3145149328125 0.44632416875
0 0.2948737375 0.3535276875 0.3018920921875 0.379111946875 0.307880028125 0.37321987343749996 0.30370735937500004 0.3531173140625 0.29893259375 0.34794115 0.2948737375 0.3535276875
0 0.2966110921875 0.37698216875 0.2916356265625 0.3767814703125 0.2913390640625 0.39363694374999997 0.296629040625 0.4145512734375 0.302215578125 0.41861013125 0.3056633625 0.4091654359375 0.30149069375000004 0.3890628765625 0.2966110921875 0.37698216875
0 0.9509881484375 0.30102361875 0.9475313890624999 0.2916837609375 0.9355465437499999 0.2846833546875 0.92721915625 0.28204734062500003 0.9082339046874999 0.28703177968750004 0.8860105421875 0.31527000156249996 0.884701509375 0.3382182484375 0.8881672437500001 0.366342659375 0.9071704437499999 0.398927325 0.9132811656250001 0.4375089 0.9303463125 0.45161455000000006 0.9541063296875001 0.45180627500000003 0.9589769578125 0.44510242968749997 0.9683168156249999 0.4416456703125 0.98607095 0.4101603640625 0.9838183859375 0.370967715625 0.9772104031250001 0.354217078125 0.9702010234375 0.347417371875 0.9647013734375 0.31269395312500003 0.9509881484375 0.30102361875