0 0.71484375 0.36328125 0.0953125 0.2078125
0 0.6125 0.4296875 0.0375 0.178125
0 0.68515625 0.6140625 0.0390625 0.0921875
0 0.653125 0.83828125 0.0375 0.0734375
0 0.772565309375 1 0.7766259078125 0.767368509375 0.7523972109375 0.7677269640625 0.71296284375 0.8334550015625 0.7154516734375 1 0.772565309375 1
0 0.59453125 0.6234375 0.0265625 0.0796875
0 0.5921875 0.2375 0.0265625 0.103125
0 0.66640625 0.084375 0.071875 0.1625
0 0.85234375 0.365625 0.0953125 0.2078125
0 0.953125 0.4359375 0.0375 0.178125
0 0.87265625 0.6171875 0.0390625 0.0921875
0 0.896875 0.84296875 0.0375 0.0734375
0 0.8297435984374999 1 0.8379438046875001 0.8356365515625 0.800827334375 0.768572315625 0.7766259078125 0.767368509375 0.772565309375 1 0.8297435984374999 1
0 0.96328125 0.6296875 0.0265625 0.0796875
0 0.9796875 0.24453125 0.0265625 0.103125
0 0.91015625 0.08828125 0.071875 0.1625