0 0.640625 0.7125 0.20625 0.0921875
0 0.571875 0.6109375 0.178125 0.034375
0 0.3890625 0.6875 0.0921875 0.0375
0 0.1640625 0.659375 0.0734375 0.0359375
0 0.23671875 0.75703125 0.1703125 0.71875 0.0015625 0.72421875 0 0.78125 0.2375 0.78125 0.23671875 0.75703125
0 0.378125 0.596875 0.0796875 0.025
0 0.7640625 0.5875 0.103125 0.025
0 0.91875 0.659375 0.1609375 0.06875
0 0.640625 0.85 0.20625 0.0921875
0 0.571875 0.9515625 0.178125 0.034375
0 0.3890625 0.875 0.0921875 0.0375
0 0.1640625 0.903125 0.0734375 0.0359375
0 0.2375 0.78125 0 0.78125 0.0015625 0.83828125 0.1703125 0.84375 0.23671875 0.80546875 0.2375 0.78125
0 0.378125 0.965625 0.0796875 0.025
0 0.7640625 0.975 0.103125 0.025
0 0.91875 0.903125 0.1609375 0.06875