0 1 0.2658973203125 0.9741889109375 0.2776955203125 0.94144795625 0.3127947328125 0.9357371484374999 0.340959040625 0.9435963718749999 0.3640820546875 0.964815784375 0.365610934375 0.9871343921875001 0.3356629390625 1 0.3172680484375 1 0.2658973203125
0 0.6188324046875 0.6844391734374999 0.5620191453125 0.664333934375 0.630776140625 0.6131590375 0.7005024234375 0.5793513828125 0.6624653687500001 0.56305335 0.4592571515625 0.5386237687500001 0.3414986453125 0.6392997953124999 0.6103311484375 0.702263578125 0.6188324046875 0.6844391734374999
0 0.66015625 0.44609375 0.0796875 0.0515625
0 0.36640625 0.525 0.0921875 0.05
0 0.1953125 0.5828125 0.125 0.0484375
0 0.2291012296875 0.518768325 0.2664712796875 0.5090429734375 0.27421309531250004 0.4904041671875 0.2424164546875 0.47589981875 0.1914314109375 0.4693920921875 0.1111928546875 0.46580221875000005 0.0928288484375 0.45019118281250003 0.0531804734375 0.45747332968750004 0.00000703125 0.491071140625 0.0280614203125 0.4999296359375 0.1111453828125 0.5122855703125 0.1910267 0.5261054296875 0.2291012296875 0.518768325
0 0.6752209984374999 0.558771496875 0.724759603125 0.5841378703125 0.8013033796875 0.5355985375000001 0.8796233546875 0.458757496875 0.870135328125 0.43715336562499996 0.76563959375 0.42877700625 0.70277576875 0.4691273546875 0.74110510625 0.4996174625 0.6752209984374999 0.558771496875
0 0.8587262140625 0.4028760453125 0.8335447125 0.40199668906249997 0.8120954656249999 0.4296113984375 0.8894786171875 0.4472834265625 0.95067866875 0.364329375 0.8983671 0.350684390625 0.8587262140625 0.4028760453125
0 1 0.14226125 0.9942242109375 0.1326370859375 0.9740490375 0.10120517343749999 0.9527746640625001 0.1012501375 0.9433216062499999 0.12376859375 0.947053859375 0.15226266093750002 0.9772666609374999 0.18956026718750002 1 0.201936903125 1 0.14226125
0 0.675654259375 1 0.6859380671875 0.9964199953125 0.6187399359375 0.957830834375 0.553720209375 0.9019843515625 0.6117975453125 0.8858911828125 0.604560365625 0.8675171781250001 0.33199059218750004 0.9115747765625001 0.4193297859375 0.9974877062499999 0.491272465625 1 0.675654259375 1
0 0.675 0.0140625 0.078125 0.0203125
0 0.18203125 0.95625 0.125 0.0484375
0 0.9067209953124999 0.11146013125000001 0.9598569609375 0.10149745624999999 0.9045925718750001 0.0144763765625 0.826165184375 0.026707381250000002 0.8456358765624999 0.055751046875 0.870817378125 0.056630404687500004 0.9067209953124999 0.11146013125000001