0 0.291357515625 0.6043557578125001 0.285705446875 0.5872217921875 0.270271328125 0.578630309375 0.2632691828125 0.5678479515625 0.2410539328125 0.572419959375 0.2281912078125 0.5829630531250001 0.2071482734375 0.63823741875 0.20419060781249998 0.7146162203124999 0.2071915265625 0.7192372296875 0.220434771875 0.7193967390625 0.23845853749999998 0.7033120828125 0.2918610453125 0.68943655 0.3140455453125 0.6662699953125 0.3224467671875 0.6454845734375 0.3190653265625 0.6301609609375001 0.2999797515625 0.6075161859375 0.291357515625 0.6043557578125001
0 0.39159565937499996 0.445092784375 0.39751774218749997 0.460956428125 0.409490665625 0.460845921875 0.41908245624999996 0.44695213906250003 0.4260846015625 0.45773449531250004 0.4374069890625 0.4481917078125 0.45015920625000005 0.4256756890625 0.4648505328125 0.36905125 0.463009428125 0.35272733125 0.44873512499999996 0.3324329375 0.44524317812499997 0.3051364 0.43762124843750005 0.3035163078125 0.4037645921875 0.344117596875 0.39159565937499996 0.445092784375
0 0.33241333125 0.7485093765624999 0.34565657656250004 0.748668884375 0.373542146875 0.7174201250000001 0.3905348546875 0.681200584375 0.388313228125 0.6541740609375 0.40278354062500005 0.5736037734375 0.39994213125 0.5557395171875 0.3903195890625 0.5510387531250001 0.36019414375 0.599071709375 0.33054147500000003 0.7135909093749999 0.32776156875 0.7329157484375 0.33241333125 0.7485093765624999
0 0.450608075 0.45713836875 0.4434817375 0.467241125 0.43492485 0.5035941109375 0.44073955312499996 0.5230861453125 0.45124889531249995 0.536107659375 0.46629552343749997 0.51607090625 0.4820670359375 0.4887198328125 0.4880925328125 0.4642761125 0.4859100640625 0.4472157765625 0.4721252265625 0.441796253125 0.45886588437500003 0.44561646875000005 0.450608075 0.45713836875
0 0.620086521875 0.13218959218749998 0.6260429515625 0.10026279375 0.62270979375 0.0730000078125 0.6235343703125 0.0574086609375 0.62540213125 0.021293503125 0.6194378890625 0.014217009375 0.6057911828125 0.0237636421875 0.6041726546875 0.039186229687500004 0.6068115546875 0.058003226562499996 0.60395045625 0.1105036828125 0.6108275625 0.12109349843749999 0.620086521875 0.13218959218749998
0 0.5608747546874999 0.3561029875 0.547872459375 0.37823392031249997 0.549648340625 0.38939908125 0.5561380828125 0.4057153140625 0.5646337171875 0.40088254062499995 0.5688527031249999 0.381033765625 0.569608215625 0.3579593421875 0.5608747546874999 0.3561029875
0 0.4627365765625 0.6265105640625 0.4723943078125 0.6044985421875 0.4500447671875 0.5964287140625 0.44197493593750004 0.618778253125 0.4464894109375 0.6404833828125 0.4627365765625 0.6265105640625
0 0.5679717234375 0.705306875 0.5847173531250001 0.6499489140625 0.5713391 0.6504245656250001 0.5501366578125 0.718942175 0.561489796875 0.7279939359375 0.5679717234375 0.705306875
0 0.5404056374999999 0.6280828390625001 0.534836575 0.6542832203125 0.53916306875 0.6651607078125 0.5480460703125 0.65460151875 0.5524530359375001 0.6455803859375 0.5559471390625 0.6330459312500001 0.5562960640625 0.6040763296875 0.5487631390625001 0.6082839109375 0.5404056374999999 0.6280828390625001
0 0.59978679375 0.5751487625 0.6049877125 0.5662963890625 0.608938246875 0.55551859375 0.611281659375 0.5327816890625 0.601466575 0.5282059609374999 0.5927715546875 0.5495927921875 0.5880462890625 0.57182341875 0.59978679375 0.5751487625
0 0.6298764593749999 0.60146024375 0.6306511890625 0.5900074109375 0.6229993515625 0.5908704296875 0.617629675 0.600516753125 0.6116540265625 0.620821959375 0.615811759375 0.6324933984375 0.6211508109375 0.6386071796875 0.6275828921875 0.6200586343750001 0.6298764593749999 0.60146024375
0 0.11040107187499999 0.549959696875 0.0982686390625 0.56331345 0.089106371875 0.562693665625 0.062460371875 0.5756178937499999 0.053138596875 0.5882413546875 0.052359303125 0.6106468671874999 0.0632031640625 0.640833815625 0.1063450953125 0.675230503125 0.1162684046875 0.69725549375 0.128431590625 0.7024962890625 0.13305260000000002 0.6994953703125 0.161416696875 0.6285168718749999 0.16467512812500001 0.56946229375 0.157212709375 0.5545989578125 0.13877766875 0.5413864640625 0.1279953125 0.548388609375 0.11040107187499999 0.549959696875
0 0.0438033140625 0.2636223203125 0.03639200625 0.2762369546875 0.0333796515625 0.2904089703125 0.0258718046875 0.33549061875 0.028363446874999997 0.36124681875000003 0.0348255609375 0.37456981875 0.04560791875 0.367567675 0.04871934375 0.3841616109375 0.0596122078125 0.3891323890625 0.071474625 0.3770489578125 0.10142806093750001 0.2798539828125 0.087012496875 0.2289921171875 0.07939056718750001 0.22737202656250002 0.0650980140625 0.250888353125 0.0438033140625 0.2636223203125
0 0 0.6773877875000001 0.002129725 0.6783054296875 0.012721821875 0.6659519828125 0.018042371874999998 0.6471671734375 0.0375324671875 0.530487853125 0.029548265624999997 0.474354440625 0.0188456625 0.4747349609375 0.0089838578125 0.48989906562499996 0 0.5264244125 0 0.6773877875000001
0 0.9013008125 0.8002229968749999 0.9153541046875 0.7965715390625 0.9238533312499999 0.7253537796875 0.9118251546874999 0.7194778234375 0.9046069375 0.7768608984375 0.9013008125 0.8002229968749999
0 0.9556305921874999 0.7437257500000001 0.9611996546875 0.71752536875 0.961617646875 0.6960388453124999 0.9564473546875 0.6891311124999999 0.9449831156249999 0.7157380796874999 0.943076915625 0.7286100546875 0.943433653125 0.7386437453125 0.9472538703125 0.7519030859375 0.9556305921874999 0.7437257500000001
0 0.9460412984375 0.6014475796875 0.9352136578125 0.601635559375 0.9281065375 0.6233599078125 0.92733180625 0.6348127421875 0.9284824984375 0.645015190625 0.940560521875 0.64675263125 0.9452857874999999 0.6245220046875 0.9460412984375 0.6014475796875
0 0.8942429125 0.6460355609375 0.890292378125 0.65681335625 0.8848230078125001 0.6747367093750001 0.8831546328125001 0.6942978125 0.8905187984375 0.6908841828125001 0.8990642781249999 0.6819128953125 0.9018641234375 0.66093265 0.90088219375 0.64993625 0.8942429125 0.6460355609375