0 0.696103896875 0.7577110390625 0.771428571875 0.7447240265625 0.775324675 0.740827921875 0.7727272734375 0.727840909375 0.753246753125 0.7135551953125 0.728571428125 0.6642045453125001 0.7012987015625 0.6473214281249999 0.6792207796875 0.643425325 0.664935065625 0.64991883125 0.646753246875 0.6732954546875 0.6454545453125 0.6823863640625001 0.6298701296875 0.6914772734375 0.624675325 0.7083603890625 0.615584415625 0.7174512984375 0.624675325 0.73823051875 0.6376623375 0.7486201296874999 0.696103896875 0.7577110390625
0 0.46493506562500003 0.590178571875 0.47402597343749997 0.5810876625 0.46233766249999997 0.571996753125 0.43766233750000005 0.5642045453125 0.3792207796875 0.5616071421875 0.3636363640625 0.5668019484375 0.346753246875 0.584983765625 0.3207792203125 0.594074675 0.3207792203125 0.6018668828125 0.3675324671875 0.6265422078125 0.46883116874999997 0.6174512984375 0.4831168828125 0.6083603890625 0.48051948125 0.596672078125 0.46493506562500003 0.590178571875
0 0.775324675 0.59926948125 0.7389610390625 0.578490259375 0.7 0.5693993500000001 0.6740259734375 0.5771915578125 0.5922077921875 0.5797889609375 0.575324675 0.5862824671875 0.5727272734375 0.596672078125 0.6259740265625 0.616152596875 0.74415584375 0.6213474031249999 0.7636363640625 0.6200487015625 0.777922078125 0.61225649375 0.775324675 0.59926948125
0 0.47970779218750004 0.5620941562499999 0.5170454546875 0.5629058437500001 0.5349025968750001 0.5531655843750001 0.5454545453125 0.5401785718750001 0.5227272734375 0.5296266234375 0.49269480468750004 0.5198863640625 0.46753246718749997 0.5190746749999999 0.45129870156249996 0.52475649375 0.44886363593749995 0.5393668828125 0.45535714218749995 0.5515422078125 0.46834415625 0.5572240265625 0.47970779218750004 0.5620941562499999
0 0.08279220781249999 0.459821428125 0.05681818125 0.46875 0.041396103125 0.471185065625 0.0056818187499999995 0.47686688281249995 0 0.484172078125 0.012175324999999999 0.49553571406249997 0.027597403124999996 0.4939123375 0.0454545453125 0.48741883125 0.097402596875 0.47930194843749996 0.10633116875 0.47037337656249995 0.115259740625 0.459009740625 0.08279220781249999 0.459821428125
0 0.3896103890625 0.45738636406250005 0.36931818125000004 0.45738636406250005 0.34659090937500003 0.46144480468750004 0.34659090937500003 0.47037337656249995 0.3709415578125 0.478490259375 0.38149350625 0.47443181875 0.396103896875 0.46469155781250004 0.3896103890625 0.45738636406250005
0 0.63149350625 0.5101461031250001 0.6079545453125 0.5052759734375 0.6047077921875 0.5288149343749999 0.628246753125 0.5320616890625 0.6485389609375 0.5231331171875 0.63149350625 0.5101461031250001
0 0.6866883109375 0.39082792187500004 0.6290584421875 0.38595779218750004 0.6323051953125 0.39894480468750004 0.703733765625 0.40543831093750005 0.7102272734375 0.39245129843750004 0.6866883109375 0.39082792187500004
0 0.5900974031249999 0.42329545468749996 0.5957792203125 0.42978896093749996 0.6168831171875 0.433847403125 0.6436688312500001 0.433847403125 0.6534090906250001 0.42735389687499997 0.641233765625 0.42086038906249995 0.63149350625 0.418425325 0.61850649375 0.41761363593749995 0.5900974031249999 0.42329545468749996
0 0.50649350625 0.3948863640625 0.5292207796875 0.39894480468750004 0.5519480515625 0.39894480468750004 0.552759740625 0.38676948125 0.54301948125 0.38352272656249997 0.5316558437500001 0.38189934999999997 0.5089285718750001 0.38433441562500004 0.50649350625 0.3948863640625
0 0.6103896109375 0.35267857187499996 0.5909090906250001 0.35024350625 0.572240259375 0.3518668828125 0.5608766234375 0.353490259375 0.5633116890625 0.36079545468749996 0.5738636359375 0.36404220781249996 0.5949675328125 0.36566558437499996 0.60551948125 0.35917207812499996 0.6103896109375 0.35267857187499996
0 0.728571428125 0.8979707796874999 0.753246753125 0.8486201296875 0.7727272734375 0.834334415625 0.775324675 0.821347403125 0.771428571875 0.8174512984375 0.696103896875 0.8044642859375 0.6376623375 0.8135551953125001 0.624675325 0.8239448046875 0.615584415625 0.8447240265625 0.624675325 0.853814934375 0.6298701296875 0.8706980515625 0.6454545453125 0.8797889609375 0.646753246875 0.8888798703124999 0.664935065625 0.91225649375 0.6792207796875 0.91875 0.7012987015625 0.914853896875 0.728571428125 0.8979707796874999
0 0.3920048625 1 0.43766233750000005 0.9979707796874999 0.46233766249999997 0.990178571875 0.47402597343749997 0.9810876625 0.46493506562500003 0.9719967531249999 0.48051948125 0.9655032468750001 0.4831168828125 0.953814934375 0.46883116874999997 0.9447240265625 0.3675324671875 0.9356331171875001 0.3207792203125 0.9603084421875 0.3207792203125 0.96810065 0.346753246875 0.9771915578125 0.3636363640625 0.9953733765624999 0.3775162359375 1 0.3920048625 1
0 0.775324675 0.96290584375 0.777922078125 0.94991883125 0.7636363640625 0.9421266234375001 0.74415584375 0.940827921875 0.6259740265625 0.9460227265625001 0.5727272734375 0.9655032468750001 0.575324675 0.9758928578124999 0.5922077921875 0.9823863640624999 0.6740259734375 0.9849837656249999 0.7 0.9927759734375 0.7389610390625 0.983685065625 0.775324675 0.96290584375
0 0.7102272734375 0.0450487015625 0.703733765625 0.032061689062499996 0.6323051953125 0.0385551953125 0.6290584421875 0.0515422078125 0.6866883109375 0.046672078125 0.7102272734375 0.0450487015625
0 0.641233765625 0.0166396109375 0.6534090906250001 0.010146103125 0.6436688312500001 0.0036525968749999997 0.6168831171875 0.0036525968749999997 0.5957792203125 0.007711039062499999 0.5900974031249999 0.0142045453125 0.61850649375 0.019886364062500002 0.63149350625 0.019074675 0.641233765625 0.0166396109375
0 0.552759740625 0.050730518749999995 0.5519480515625 0.0385551953125 0.5292207796875 0.0385551953125 0.50649350625 0.0426136359375 0.5089285718750001 0.053165584375 0.5316558437500001 0.055600649999999995 0.54301948125 0.053977273437499994 0.552759740625 0.050730518749999995
0 0.5738636359375 0.07345779218750001 0.5633116890625 0.07670454531250001 0.5608766234375 0.084009740625 0.572240259375 0.0856331171875 0.5909090906250001 0.08725649375 0.6103896109375 0.084821428125 0.60551948125 0.078327921875 0.5949675328125 0.07183441562500001 0.5738636359375 0.07345779218750001