0 0.465625 0.92578125 0.028125 0.0828125
0 0.53671875 0.82421875 0.0265625 0.1015625
0 0.5609375 0.75546875 0.0140625 0.065625
0 0.3421875 0.409375 0.0703125 0.1328125
0 0.41484375 0.3609375 0.065625 0.1171875
0 0.4984375 0.303125 0.0578125 0.15625
0 0.59921875 0.646875 0.021875 0.06875
0 0.0265625 0.93359375 0.028125 0.0828125
0 0.99296875 0.81484375 0.0140625 0.1015625
0 0.9734375 0.74765625 0.0140625 0.065625
0 0.13125 0.4125 0.0703125 0.1328125
0 0.05703125 0.3671875 0.065625 0.1171875
0 0.93046875 0.640625 0.021875 0.06875