0 0.62265625 0.27578125 0.0390625 0.0671875
0 0.5875 0.24296875 0.046875 0.0890625
0 0.621875 0.1875 0.0390625 0.078125
0 0.5453125 0.16015625 0.034375 0.0546875
0 0.51328125 0.20546875 0.059375 0.1046875
0 0.353125 0.6734375 0.1578125 0.1765625
0 0.43125 0.48828125 0.159375 0.25625
0 0.56328125 0.72265625 0.1375 0.2375
0 0.55078125 0.55625 0.0765625 0.1109375
0 0.7046875 0.88203125 0.0609375 0.1046875
0 0.6578125 0.790625 0.0515625 0.084375
0 0.6328125 0.6828125 0.0375 0.0640625
0 0.68671875 0.7078125 0.04375 0.0796875
0 0.72109375 0.715625 0.0359375 0.0609375
0 0.7078125 0.64765625 0.028125 0.053125
0 0.65234375 0.59375 0.0875 0.153125
0 0.60078125 0.4703125 0.0484375 0.084375
0 0.73515625 0.5828125 0.0328125 0.0484375
0 0.775 0.76328125 0.0515625 0.0453125
0 0.78671875 0.6671875 0.0875 0.121875
0 0.81328125 0.75 0.05625 0.071875
0 0.7671875 0.54609375 0.0671875 0.1046875
0 0.19375 0.3125 0.0578125 0.103125
0 0.465625 0.02421875 0.040625 0.0484375
0 0.71171875 0.3234375 0.0421875 0.046875
0 0.72578125 0.4046875 0.053125 0.0640625
0 0.8171875 0.22734375 0.0390625 0.0671875
0 0.8328125 0.18203125 0.046875 0.0890625
0 0.7765625 0.14921875 0.0390625 0.078125
0 0.83046875 0.0890625 0.034375 0.0546875
0 0.88046875 0.1140625 0.059375 0.1046875
0 0.18515625 0.715625 0.1578125 0.1765625
0 0.0546875 0.58359375 0.109375 0.2484375
0 0.98671875 0.44609375 0.0265625 0.1015625
0 0.98984375 0.59140625 0.0203125 0.0640625
0 0.96328125 0.6390625 0.04375 0.0796875
0 0.93671875 0.66171875 0.0359375 0.0609375
0 0.9171875 0.59609375 0.028125 0.053125
0 0.940625 0.521875 0.0875 0.153125
0 0.928125 0.38828125 0.0484375 0.084375
0 0.8625 0.5515625 0.0328125 0.0484375
0 0.91171875 0.72890625 0.0515625 0.0453125
0 0.85625 0.64921875 0.0875 0.121875
0 0.87109375 0.7359375 0.05625 0.071875
0 0.81640625 0.53359375 0.0671875 0.1046875
0 0.15625 0.321875 0.0578125 0.103125
0 0.76015625 0.3109375 0.0421875 0.046875
0 0.78671875 0.38984375 0.053125 0.0640625