0 0.546875 0.66796875 0.040625 0.04375
0 0.55546875 0.584375 0.0390625 0.0921875
0 0.496875 0.63828125 0.0359375 0.046875
0 0.62734375 0.334375 0.04375 0.0984375
0 0.60546875 0.30546875 0.025 0.046875
0 0.6640625 0.46953125 0.040625 0.071875
0 0.696875 0.39375 0.046875 0.0671875
0 0.73828125 0.33125 0.0421875 0.090625
0 0.81796875 0.3484375 0.0671875 0.103125
0 0.84765625 0.2359375 0.0390625 0.0609375
0 0.79921875 0.48671875 0.0765625 0.0796875
0 0.69609375 0.56953125 0.0390625 0.046875
0 0.73984375 0.5859375 0.034375 0.0640625
0 0.63046875 0.76796875 0.028125 0.046875
0 0.6984375 0.7921875 0.0390625 0.0578125
0 0.99140625 0.51015625 0.0171875 0.0703125
0 0.98359375 0.42890625 0.0328125 0.0671875
0 0.965625 0.35859375 0.0421875 0.090625
0 0.884375 0.35703125 0.0671875 0.103125
0 0.8828125 0.23984375 0.0390625 0.0609375
0 0.86875 0.4953125 0.0765625 0.0796875
0 0.94921875 0.60078125 0.0390625 0.046875
0 0.90234375 0.60625 0.034375 0.0640625
0 0.95859375 0.80859375 0.01875 0.0453125
0 0.8921875 0.815625 0.0390625 0.0578125