0 0.15540610625 0.6028820125000001 0.1389087765625 0.6215232625 0.14440145625 0.6609480578125 0.15380020156250002 0.668560475 0.1701863953125 0.671864125 0.18257630625000001 0.6656353390625 0.181281259375 0.6551428921875 0.1915949078125 0.6447841375000001 0.21543727656249997 0.6399615359374999 0.2114409953125 0.6304291 0.22445587812499998 0.6191103328125 0.2480083140625 0.627168925 0.2526070125 0.621275178125 0.26421571093749996 0.6214088703125 0.27140450625 0.6365000140625 0.2807807 0.633776228125 0.28598181718750004 0.612456296875 0.280378003125 0.5949764046875 0.2561780421875 0.5816715890624999 0.257427984375 0.571491628125 0.252962975 0.565776678125 0.28459655625 0.5606190375 0.3321476015625 0.5625825343749999 0.3500962234375 0.553161234375 0.35467236875 0.536931284375 0.336767225 0.49339907343749995 0.317009721875 0.47547300625 0.27468234687500004 0.46252578125 0.16158652812500002 0.44734768125 0.11928170625000001 0.4447366625 0.0967118328125 0.44971550625 0.0539833875 0.47159437656250003 0.046706009375 0.48878433593750004 0.07331726875 0.514010334375 0.079858540625 0.5238552578125 0.0814886265625 0.542138915625 0.098209859375 0.5532337796875 0.1017374109375 0.5665837015624999 0.1119399265625 0.5781698468750001 0.11845864375 0.5776785656250001 0.113033625 0.56926238125 0.115243575 0.561783653125 0.1290622265625 0.5544386171875 0.23182184062500003 0.56963926875 0.21943192968749997 0.5758680546875 0.20420709375 0.5946655484375001 0.1813247375 0.6021893828125 0.15540610625 0.6028820125000001
0 0.6289167625000001 0.41657150937500004 0.6031598093749999 0.40937245468750005 0.58288646875 0.41011240000000004 0.5539482796875 0.402522740625 0.524340621875 0.406960371875 0.5178945921875 0.4134345953125 0.525973528125 0.42653605624999996 0.5497492546875 0.4367210453125 0.6037467390625 0.45061679843749997 0.6311637703125 0.444295590625 0.6514230171875 0.4370955203125 0.6289167625000001 0.41657150937500004
0 0.3140014078125 0.344805484375 0.30507179687499997 0.3517820625 0.3143789375 0.38118031874999997 0.33149923281250004 0.39297002187499996 0.3669670109375 0.386830021875 0.351144378125 0.3776215515625 0.3568927515625 0.37025436875 0.35647395312499996 0.360515353125 0.3565575078125 0.353259915625 0.33406535000000004 0.3391960328125 0.3140014078125 0.344805484375
0 0.33335563281249997 0.4238753421875 0.359098490625 0.4246142671875 0.3773765109375 0.42040013125 0.38460375468749997 0.40756343125 0.37166940625 0.401131496875 0.347600725 0.3933324375 0.31242590312499996 0.39708650625 0.31264939687500004 0.4084161421875 0.33335563281249997 0.4238753421875
0 0.8500993906250001 0.574511846875 0.822165909375 0.571889346875 0.7779356328125 0.5704950484375 0.7864192734375 0.5868754 0.8115067578125 0.6061017468750001 0.8450215015625 0.6158679375 0.88506583125 0.6119044671875 0.9071110015625001 0.6033090796875 0.90151564375 0.5897052640625 0.8742657234375001 0.5815155984375 0.8500993906250001 0.574511846875
0 0.3832799375 0.48409434375 0.36091362031249996 0.48215540625 0.33995671562499996 0.48846251562500004 0.3450497203125 0.499582753125 0.37260669062499996 0.5118466171875 0.39784719218750003 0.5101019640625 0.41542755624999994 0.504994865625 0.42156653593750004 0.4944464453125 0.40077674375 0.48624268125 0.3832799375 0.48409434375
0 0.3807117828125 0.4458359359375 0.3589454734375 0.4455852671875 0.3434439875 0.44691112187500004 0.344672190625 0.46320791874999995 0.3589042046875 0.472221084375 0.384158803125 0.476936559375 0.3983626234375 0.47302947343749996 0.3944555375 0.45882565 0.3807117828125 0.4458359359375
0 0.442694625 0.65769325625 0.47429760156249995 0.6567298171875 0.4883896765625 0.6471579109375 0.4751341796875 0.63019165 0.45812563125 0.6240667656250001 0.439233509375 0.6201325046874999 0.41230473749999996 0.622477165625 0.40657045781249995 0.636304475 0.442694625 0.65769325625
0 0.221045978125 0.8783191828125 0.21800970625 0.8714879796874999 0.19320732812500002 0.8736093468749999 0.18331730156249998 0.8594782109375 0.1895009796875 0.8511957171875 0.16753352500000002 0.8407483765625001 0.1600322453125 0.828202221875 0.1638271765625 0.818334746875 0.153312178125 0.80929359375 0.13661349843749998 0.80853493125 0.1256523265625 0.8136474640625 0.11078508281249999 0.8505723749999999 0.12228264375 0.872650965625 0.14726381718749998 0.8795933078125 0.167646290625 0.89242939375 0.17787135781250002 0.9143517421875 0.18838635625 0.923392896875 0.08500177187499999 0.913282225 0.07337051875 0.90281233125 0.07303548125 0.8950211187500001 0.0803354140625 0.8881673625 0.07412918125 0.886113653125 0.061426782812500004 0.8948874296874999 0.054774375 0.9069874078125 0.03586574375 0.9137074765625 0.0298608609375 0.9310536781250001 0.021132192187500003 0.9390236875 0.012505800000000001 0.9438981515625 0.2995007625 0.9791367015624999 0.29916108750000003 0.9679946265625 0.2840248359375 0.9545110156250001 0.23741124687499998 0.9449125484374999 0.2079650640625 0.93225525625 0.213680015625 0.927790246875 0.21492995625 0.9176102875 0.24162980156249997 0.91055518125 0.251295928125 0.8949502015625 0.2514070640625 0.8730053 0.242968325 0.868094115625 0.232342190625 0.8809978624999999 0.221045978125 0.8783191828125
0 0.6269851156249999 0.0118368984375 0.6018952718749999 0.0120258171875 0.5763618140625 0.0161563984375 0.5653533265624999 0.026914218750000003 0.5700416265625 0.034755565625 0.5976962484375 0.046224121875 0.6276109562500001 0.0458606890625 0.6471030828125001 0.051483218750000004 0.6738365515625 0.050729178124999996 0.7006394828125 0.036259575 0.6827238765625 0.0243722203125 0.6679932609375 0.016872065624999998 0.6269851156249999 0.0118368984375
0 0.36902466562499997 0.054475260937500006 0.39425107187499997 0.04627048125 0.39592524687499997 0.039210346875 0.39868768593750004 0.0298619375 0.39489234687499997 0.0213229328125 0.4124727109375 0.0162158359375 0.379543878125 0.0016777890625 0.36007994062500004 0.008975512500000001 0.34393717968750004 0.0352489140625 0.35091375625 0.044178525 0.36902466562499997 0.054475260937500006
0 0.44472866250000004 0.8975495078125 0.4142975046875 0.888969234375 0.3740719671875 0.90098345 0.3762907828125 0.9157872781249999 0.40185243281250005 0.92457695 0.4211351609375 0.925329971875 0.4391202265625 0.9235017640625 0.4560864890625 0.9102462671874999 0.44472866250000004 0.8975495078125