0 0.1546875 0.2796875 0.1921875 0.0703125
0 0.3 0.228125 0.1078125 0.0625
0 0.2125 0.359375 0.1484375 0.0640625
0 0.203125 0.434375 0.1078125 0.053125
0 0.4859375 0.34375 0.18125 0.084375
0 0.38125 0.490625 0.2625 0.09375
0 0.1890625 0.6171875 0.1984375 0.15625
0 0.69375 0.70625 0.5359375 0.2015625
0 0.1546875 0.0828125 0.1921875 0.0703125
0 0.3 0.134375 0.1078125 0.0625
0 0.21171875 0.0171875 0.1484375 0.034375
0 0.4859375 0.03046875 0.18125 0.0609375
0 0.18828125 0.96796875 0.1984375 0.0640625
0 0.69296875 0.91171875 0.5359375 0.1765625