0 0.7765625 0.19765625 0.203125 0.1171875
0 0.62265625 0.1859375 0.1203125 0.0875
0 0.74140625 0.28984375 0.159375 0.1
0 0.76953125 0.36015625 0.1171875 0.0796875
0 0.4734375 0.3453125 0.196875 0.128125
0 0.6125 0.46015625 0.278125 0.1578125
0 0.83046875 0.5328125 0.2328125 0.2015625
0 0.36640625 0.74921875 0.5703125 0.3328125
0 0.725 0.0328125 0.203125 0.065625
0 0.5984375 0.0953125 0.1203125 0.0875
0 0.3921875 0.04765625 0.190625 0.0953125
0 0.90859375 0.8703125 0.1828125 0.1125
0 0.41953125 0.89609375 0.5640625 0.2078125