0 0.31171875 0.49765625 0.3484375 0.20625
0 0.67109375 0.59453125 0.3796875 0.2640625
0 0.7625 0.4515625 0.0640625 0.0515625
0 0.7140625 0.3828125 0.084375 0.053125
0 0.65234375 0.41640625 0.0953125 0.0734375
0 0.559375 0.3203125 0.0734375 0.0578125
0 0.44765625 0.29296875 0.0953125 0.0296875
0 0.30546875 0.32265625 0.053125 0.0328125
0 0.27578125 0.0921875 0.3453125 0.1765625
0 0.3515625 0.94296875 0.34375 0.1140625
0 0.61953125 0.025 0.3640625 0.05
0 0.6921875 0.83125 0.3796875 0.2640625
0 0.7265625 0.04375 0.0640625 0.0515625
0 0.80546875 0.95390625 0.0640625 0.046875
0 0.69140625 0.12109375 0.084375 0.053125
0 0.625 0.0984375 0.0953125 0.0734375
0 0.55 0.20859375 0.0734375 0.0578125
0 0.44375 0.25546875 0.0953125 0.0296875
0 0.29921875 0.25078125 0.053125 0.0328125