0 0.3859375 0.33515625 0.2 0.265625
0 0.1515625 0.68125 0.284375 0.440625
0 0.06015625 0.20625 0.1203125 0.33125
0 0.24921875 0.0875 0.1390625 0.159375
0 0.5484375 0.65859375 0.16875 0.3921875
0 0.6140625 0.31171875 0.06875 0.1546875
0 0.5578125 0.12265625 0.103125 0.140625
0 0.47890625 0.0296875 0.0609375 0.0515625
0 0.81484375 0.36796875 0.05625 0.1546875
0 0.721875 0.51484375 0.065625 0.190625
0 0.784375 0.59375 0.0375 0.0828125
0 0.7765625 0.7796875 0.071875 0.19375
0 0.871875 0.3015625 0.0375 0.1
0 0.8921875 0.40703125 0.040625 0.1328125
0 0.846875 0.6546875 0.0703125 0.246875
0 0.928125 0.2421875 0.071875 0.18125
0 0.65625 0.4296875 0.05625 0.1375
0 0.715625 0.30859375 0.0375 0.0625
0 0.29765625 0.9609375 0.1078125 0.078125