0 0.2859375 0.78671875 0.234375 0.3765625
0 0.5328125 0.65234375 0.1921875 0.35625
0 0.5296875 0.86796875 0.196875 0.2640625
0 0.6515625 0.65078125 0.0734375 0.153125
0 0.73203125 0.24921875 0.2 0.4234375
0 0.61328125 0.31171875 0.159375 0.3265625
0 0.440625 0.15625 0.25625 0.3125
0 0.62421875 0.90625 0.0953125 0.1875
0 0.0734375 0.73203125 0.146875 0.3765625
0 0.928125 0.73671875 0.1328125 0.34375
0 0.85546875 0.90390625 0.1703125 0.1921875
0 0.85078125 0.69296875 0.0734375 0.153125
0 0.91953125 0.29296875 0.1609375 0.4234375
0 0.97109375 0.39453125 0.0578125 0.3171875
0 0.1640625 0.12578125 0.23125 0.2515625
0 0.76171875 0.92109375 0.0953125 0.1578125