0 0.58828125 0.5109375 0.403125 0.25
0 0.8359375 0.25234375 0.3109375 0.175
0 0.1734375 0.50625 0.2546875 0.1046875
0 0.165625 0.4171875 0.2546875 0.1125
0 0.19453125 0.284375 0.2265625 0.2
0 0.31171875 0.60234375 0.2671875 0.10625
0 0.3453125 0.67734375 0.15625 0.05
0 0.63515625 0.74453125 0.175 0.0609375
0 0.4375 0.73359375 0.178125 0.065625
0 0.2765625 0.76796875 0.140625 0.075
0 0.36015625 0.8125 0.10625 0.0421875
0 0.46875 0.82578125 0.11875 0.0359375
0 0.578125 0.80078125 0.11875 0.0375
0 0.75546875 0.77734375 0.0859375 0.0296875
0 0.7265625 0.81640625 0.0625 0.0171875
0 0.7078125 0.84765625 0.05625 0.0171875
0 0.63828125 0.83828125 0.0609375 0.021875
0 0.8234375 0.02421875 0.30625 0.0484375
0 0.18359375 0.05390625 0.2203125 0.0875
0 0.646875 0.9796875 0.1734375 0.0359375
0 0.28828125 0.984375 0.1390625 0.03125
0 0.3671875 0.953125 0.10625 0.0421875
0 0.47421875 0.928125 0.11875 0.0359375
0 0.5859375 0.94140625 0.11875 0.0375
0 0.7640625 0.94609375 0.0859375 0.0296875
0 0.73125 0.91015625 0.0625 0.0171875
0 0.709375 0.88203125 0.05625 0.0171875
0 0.64140625 0.89765625 0.0609375 0.021875