0 0.42578125 0.2171875 0.0453125 0.065625
0 0.37734375 0.4046875 0.1 0.2546875
0 0.6609375 0.85234375 0.2390625 0.2703125
0 0.8484375 0.8859375 0.1578125 0.1265625
0 0.7125 0.3953125 0.2515625 0.4
0 0.5703125 0.22265625 0.0640625 0.0859375
0 0.51796875 0.471875 0.0796875 0.1375
0 0.603125 0.59609375 0.0390625 0.0640625
0 0.47734375 0.67265625 0.040625 0.0640625
0 0.42109375 0.3109375 0.065625 0.1171875
0 0.46796875 0.2828125 0.03125 0.05
0 0.50234375 0.1578125 0.0484375 0.0609375
0 0.61875 0.17109375 0.05 0.065625
0 0.40390625 0.6421875 0.0625 0.1703125
0 0.95703125 0.85390625 0.0859375 0.1265625
0 0.896875 0.3546875 0.20625 0.39375
0 0.91015625 0.109375 0.0453125 0.065625