0 0.6890625 0.51875 0.1296875 0.246875
0 0.68671875 0.1765625 0.08125 0.184375
0 0.61640625 0.19921875 0.13125 0.25
0 0.56953125 0.41171875 0.1140625 0.1859375
0 0.55078125 0.64375 0.11875 0.2125
0 0.39921875 0.8375 0.2234375 0.325
0 0.38359375 0.37109375 0.25 0.409375
0 0.75859375 0.7046875 0.078125 0.153125
0 0.74296875 0.8640625 0.1 0.184375
0 0.80078125 0.61484375 0.06875 0.1671875
0 0.88984375 0.47265625 0.1296875 0.246875
0 0.74140625 0.16328125 0.08125 0.184375
0 0.8140625 0.153125 0.13125 0.25
0 0.9421875 0.325 0.096875 0.1828125
0 0.19453125 0.8609375 0.2234375 0.278125
0 0.0640625 0.45234375 0.128125 0.3953125
0 0.9078125 0.6703125 0.078125 0.153125
0 0.97109375 0.80625 0.0578125 0.184375
0 0.83125 0.6078125 0.06875 0.1671875