0 0.53671875 0.78984375 0.04375 0.0640625
0 0.421875 0.634375 0.090625 0.2546875
0 0.5171875 0.12265625 0.23125 0.2453125
0 0.678125 0.03671875 0.15625 0.0734375
0 0.7359375 0.5171875 0.2390625 0.3953125
0 0.66875 0.73046875 0.0609375 0.0859375
0 0.52734375 0.51875 0.075 0.1375
0 0.56015625 0.371875 0.0359375 0.0625
0 0.41484375 0.3484375 0.0375 0.0640625
0 0.4984375 0.7046875 0.0625 0.1171875
0 0.5515625 0.71328125 0.0296875 0.05
0 0.63046875 0.81640625 0.046875 0.0609375
0 0.7328125 0.76015625 0.0484375 0.065625
0 0.3578125 0.4046875 0.05625 0.1703125
0 0.825 0.0234375 0.15625 0.046875
0 0.91171875 0.48125 0.1765625 0.390625