0 0.4703125 0.6546875 0.2171875 0.0421875
0 0.2640625 0.625 0.1328125 0.0328125
0 0.4234375 0.6 0.215625 0.0203125
0 0.5359375 0.5703125 0.1125 0.0171875
0 0.38125 0.53125 0.0875 0.0125
0 0.059375 0.61875 0.11875 0.075
0 0.259375 0.4984375 0.0796875 0.0171875
0 0.4875 0.490625 0.071875 0.0125
0 0.740625 0.59375 0.0625 0.015625
0 0.725 0.5578125 0.0625 0.0125
0 0.675 0.5390625 0.0765625 0.015625
0 0.8875 0.6578125 0.221875 0.046875
0 0.4703125 0.7109375 0.2171875 0.0421875
0 0.26328125 0.009375 0.1328125 0.01875
0 0.2640625 0.740625 0.1328125 0.0328125
0 0.4234375 0.028125 0.215625 0.0203125
0 0.4234375 0.765625 0.215625 0.0203125
0 0.5359375 0.0578125 0.1125 0.0171875
0 0.5359375 0.7953125 0.1125 0.0171875
0 0.38125 0.096875 0.0875 0.0125
0 0.38125 0.834375 0.0875 0.0125
0 0.059375 0.0234375 0.11875 0.046875
0 0.059375 0.746875 0.11875 0.075
0 0.259375 0.1296875 0.0796875 0.0171875
0 0.259375 0.8671875 0.0796875 0.0171875
0 0.4875 0.1375 0.071875 0.0125
0 0.4875 0.875 0.071875 0.0125
0 0.740625 0.034375 0.0625 0.015625
0 0.740625 0.771875 0.0625 0.015625
0 0.725 0.0703125 0.0625 0.0125
0 0.725 0.8078125 0.0625 0.0125
0 0.675 0.0890625 0.0765625 0.015625
0 0.675 0.8265625 0.0765625 0.015625
0 0.8875 0.7078125 0.221875 0.046875