0 0.34375 0.5203125 0.10625 0.046875
0 0.365625 0.4703125 0.0765625 0.0328125
0 0.4765625 0.49375 0.0671875 0.0265625
0 0.58125 0.50625 0.0703125 0.0265625
0 0.5875 0.4375 0.0671875 0.03125
0 0.715625 0.4421875 0.0625 0.0375
0 0.4796875 0.5875 0.1546875 0.0734375
0 0.515625 0.675 0.10625 0.071875
0 0.9 0.30625 0.1625 0.0484375
0 0.50625 0.3421875 0.109375 0.028125
0 0.346875 0.3875 0.0671875 0.021875
0 0.26875 0.3515625 0.0640625 0.0265625
0 0.2125 0.378125 0.05625 0.0265625
0 0.1328125 0.396875 0.096875 0.03125
0 0.2328125 0.4390625 0.0953125 0.040625
0 0.34375 0.4125 0.0546875 0.021875
0 0.7484375 0.3671875 0.0578125 0.021875
0 0.34375 0.984375 0.10625 0.03125
0 0.36484375 0.01484375 0.0765625 0.0296875
0 0.58046875 0.99609375 0.0703125 0.0078125
0 0.5875 0.046875 0.0671875 0.03125
0 0.715625 0.0421875 0.0625 0.0375
0 0.4796875 0.925 0.1546875 0.0734375
0 0.515625 0.8375 0.10625 0.071875
0 0.9 0.178125 0.1625 0.0484375
0 0.50625 0.1421875 0.109375 0.028125
0 0.346875 0.096875 0.0671875 0.021875
0 0.26875 0.1328125 0.0640625 0.0265625
0 0.2125 0.10625 0.05625 0.0265625
0 0.1328125 0.0875 0.096875 0.03125
0 0.2328125 0.0453125 0.0953125 0.040625
0 0.34375 0.071875 0.0546875 0.021875
0 0.7484375 0.1171875 0.0578125 0.021875