0 0.23359375 0.5 0.040625 0.090625
0 0.16328125 0.5671875 0.059375 0.1453125
0 0.34921875 0.84609375 0.4203125 0.3078125
0 0.46171875 0.39609375 0.3078125 0.709375
0 0.73359375 0.2796875 0.2671875 0.3109375
0 0.69765625 0.046875 0.0671875 0.09375
0 0.28359375 0.45390625 0.0515625 0.071875
0 0.30859375 0.36484375 0.0484375 0.0921875
0 0.59609375 0.91484375 0.0859375 0.15625
0 0.01796875 0.5140625 0.0359375 0.090625
0 0.09453125 0.571875 0.059375 0.1453125
0 0.08671875 0.859375 0.1453125 0.28125
0 0.9234375 0.26640625 0.1421875 0.3015625