0 0.46484375 0.41796875 0.3125 0.434375
0 0.64453125 0.13671875 0.2234375 0.2734375
0 0.584375 0.815625 0.1453125 0.2640625
0 0.671875 0.7984375 0.153125 0.265625
0 0.79140625 0.734375 0.2328125 0.2546875
0 0.45390625 0.709375 0.1484375 0.2765625
0 0.37265625 0.69765625 0.0765625 0.1609375
0 0.22734375 0.4375 0.0890625 0.1796875
0 0.29296875 0.625 0.09375 0.1828125
0 0.30390625 0.7890625 0.096875 0.1484375
0 0.23828125 0.72109375 0.059375 0.1109375
0 0.19609375 0.6203125 0.0546875 0.1203125
0 0.1890625 0.5078125 0.05625 0.121875
0 0.1625 0.33125 0.04375 0.0875
0 0.1328125 0.36953125 0.028125 0.0640625
0 0.10859375 0.39609375 0.0265625 0.0578125
0 0.13671875 0.46015625 0.03125 0.0625
0 0.87890625 0.1046875 0.1265625 0.209375
0 0.9765625 0.68125 0.046875 0.228125
0 0.01484375 0.48984375 0.0296875 0.1734375
0 0.08515625 0.83984375 0.06875 0.1421875
0 0.1015625 0.75234375 0.059375 0.1109375
0 0.0953125 0.64296875 0.0546875 0.1203125
0 0.05234375 0.5390625 0.05625 0.121875
0 0.01015625 0.36875 0.0203125 0.0875
0 0.0421875 0.390625 0.028125 0.0640625
0 0.075 0.40390625 0.0265625 0.0578125
0 0.07890625 0.4734375 0.03125 0.0625