0 0.3125 0.48125 0.334375 0.178125
0 0.6625 0.609375 0.3609375 0.2328125
0 0.765625 0.475 0.0609375 0.046875
0 0.7234375 0.4015625 0.08125 0.046875
0 0.659375 0.4296875 0.090625 0.065625
0 0.575 0.3265625 0.06875 0.0515625
0 0.465625 0.2890625 0.09375 0.021875
0 0.321875 0.30625 0.0515625 0.028125
0 0.3125 0.07421875 0.334375 0.1484375
0 0.3125 0.94296875 0.334375 0.1140625
0 0.66171875 0.0234375 0.3609375 0.046875
0 0.6625 0.846875 0.3609375 0.2328125
0 0.765625 0.065625 0.0609375 0.046875
0 0.76484375 0.97890625 0.0609375 0.0421875
0 0.7234375 0.1390625 0.08125 0.046875
0 0.659375 0.1109375 0.090625 0.065625
0 0.575 0.2140625 0.06875 0.0515625
0 0.465625 0.2515625 0.09375 0.021875
0 0.321875 0.234375 0.0515625 0.028125