0 0.7921875 0.4859375 0.059375 0.034375
0 0.61875 0.4 0.25 0.0484375
0 0.121875 0.584375 0.2359375 0.19375
0 0.05 0.7609375 0.1 0.140625
0 0.5578125 0.7296875 0.3703125 0.178125
0 0.75625 0.6265625 0.078125 0.0484375
0 0.5234375 0.5234375 0.1296875 0.053125
0 0.384375 0.58125 0.059375 0.0265625
0 0.3359375 0.4421875 0.059375 0.028125
0 0.7015625 0.4625 0.1109375 0.04375
0 0.71875 0.5140625 0.046875 0.021875
0 0.834375 0.5734375 0.0546875 0.0375
0 0.796875 0.684375 0.059375 0.0390625
0 0.38125 0.3765625 0.16875 0.028125
0 0.05 0.909375 0.1 0.140625
0 0.55703125 0.92578125 0.3703125 0.1484375
0 0.796875 0.9828125 0.059375 0.034375