0 0.64375 0.5640625 0.090625 0.221875
0 0.56875 0.7578125 0.0625 0.1375
0 0.58046875 0.596875 0.06875 0.2140625
0 0.5765625 0.48046875 0.0421875 0.1140625
0 0.50390625 0.62265625 0.03125 0.0875
0 0.515625 0.94453125 0.1 0.1109375
0 0.44453125 0.734375 0.034375 0.08125
0 0.48828125 0.51015625 0.028125 0.0734375
0 0.6453125 0.28671875 0.0296875 0.0640625
0 0.60703125 0.29375 0.0265625 0.0640625
0 0.57734375 0.33828125 0.0328125 0.078125
0 0.740625 0.1578125 0.0953125 0.2265625
0 0.69921875 0.5765625 0.090625 0.221875
0 0.68125 0.784375 0.0625 0.1375
0 0.028125 0.46796875 0.05625 0.2140625
0 0.74140625 0.634375 0.06875 0.2140625
0 0.07734375 0.365625 0.0421875 0.1140625
0 0.79609375 0.53125 0.0421875 0.1140625
0 0.08046875 0.525 0.03125 0.0875
0 0.79921875 0.690625 0.03125 0.0875
0 0.640625 0.959375 0.1 0.08125
0 0.08515625 0.65078125 0.034375 0.08125
0 0.80390625 0.8171875 0.034375 0.08125
0 0.14375 0.43046875 0.028125 0.0734375
0 0.8625 0.596875 0.028125 0.0734375
0 0.10078125 0.1609375 0.0296875 0.0640625
0 0.81875 0.3265625 0.0296875 0.0640625
0 0.13203125 0.184375 0.0265625 0.0640625
0 0.85078125 0.35 0.0265625 0.0640625
0 0.1390625 0.23671875 0.0328125 0.078125
0 0.8578125 0.403125 0.0328125 0.078125
0 0.78984375 0.16953125 0.0953125 0.2265625