0 0.33125 0.43515625 0.0984375 0.228125
0 0.25546875 0.6765625 0.1 0.1375
0 0.40390625 0.58359375 0.05625 0.1171875
0 0.45390625 0.54765625 0.0453125 0.0953125
0 0.41328125 0.43671875 0.0453125 0.096875
0 0.48828125 0.41796875 0.0328125 0.0859375
0 0.52578125 0.6140625 0.04375 0.1640625
0 0.50703125 0.7234375 0.0375 0.0984375
0 0.55234375 0.5203125 0.0265625 0.0890625
0 0.346875 0.08828125 0.0765625 0.1578125
0 0.40703125 0.13671875 0.040625 0.1015625
0 0.44375 0.18203125 0.046875 0.115625
0 0.50234375 0.2421875 0.0234375 0.06875
0 0.5328125 0.30546875 0.0234375 0.0703125
0 0.55859375 0.259375 0.03125 0.1078125
0 0.603125 0.3859375 0.028125 0.103125
0 0.58203125 0.346875 0.0203125 0.065625
0 0.58671875 0.503125 0.01875 0.0578125
0 0.0421875 0.69453125 0.065625 0.134375