0 0.2796875 0.39453125 0.0734375 0.1421875
0 0.33046875 0.49609375 0.04375 0.084375
0 0.4109375 0.26171875 0.0625 0.1359375
0 0.4375 0.43828125 0.034375 0.0703125
0 0.4421875 0.56484375 0.028125 0.08125
0 0.45546875 0.69453125 0.025 0.05
0 0.4578125 0.571875 0.025 0.11875
0 0.5015625 0.428125 0.0359375 0.0859375
0 0.49375 0.1875 0.0171875 0.0359375
0 0.4875 0.303125 0.03125 0.065625
0 0.53046875 0.35234375 0.015625 0.03125
0 0.3453125 0.81796875 0.0796875 0.2
0 0.04140625 0.41171875 0.0734375 0.1421875
0 0.01328125 0.51796875 0.0265625 0.0828125
0 0.0453125 0.83828125 0.059375 0.1984375