0 0.2359375 0.5328125 0.0390625 0.090625
0 0.1578125 0.47421875 0.0578125 0.1453125
0 0.30703125 0.1640625 0.415625 0.321875
0 0.47421875 0.6078125 0.2953125 0.70625
0 0.75859375 0.68984375 0.2625 0.30625
0 0.75234375 0.9328125 0.0640625 0.1078125
0 0.290625 0.571875 0.05 0.071875
0 0.3265625 0.6578125 0.046875 0.090625
0 0.54453125 0.0765625 0.0828125 0.153125
0 0.01796875 0.54375 0.0359375 0.090625
0 0.0890625 0.478125 0.0578125 0.1453125
0 0.0578125 0.17890625 0.115625 0.3078125
0 0.93984375 0.6796875 0.1203125 0.3