0 0.6640625 0.4546875 0.2375 0.21875
0 0.55546875 0.25859375 0.16875 0.2359375
0 0.609375 0.04609375 0.059375 0.0765625
0 0.39609375 0.38203125 0.06875 0.1328125
0 0.39296875 0.52890625 0.05 0.1015625
0 0.465625 0.515625 0.1453125 0.284375
0 0.4625 0.37265625 0.0390625 0.0703125
0 0.4875 0.43515625 0.0296875 0.053125
0 0.59453125 0.76875 0.2953125 0.340625
0 0.8828125 0.4265625 0.234375 0.21875
0 0.91953125 0.21484375 0.1234375 0.23125
0 0.8390625 0.028125 0.059375 0.05625
0 0.02265625 0.4296875 0.0453125 0.13125
0 0.04921875 0.57109375 0.05 0.1015625
0 0.0234375 0.5703125 0.046875 0.275
0 0.93984375 0.7234375 0.1203125 0.325