0 0.93125 0.24765625 0.115625 0.0828125
0 0.79765625 0.203125 0.1625 0.0359375
0 0.56171875 0.23984375 0.3125 0.09375
0 0.17265625 0.26015625 0.321875 0.096875
0 0.4140625 0.35546875 0.2375 0.1140625
0 0.69609375 0.42421875 0.2515625 0.109375
0 0.33125 0.56640625 0.4671875 0.2453125
0 0.8484375 0.64375 0.303125 0.2125
0 0.92421875 0.11640625 0.115625 0.0828125
0 0.79609375 0.175 0.1625 0.0359375
0 0.55703125 0.1625 0.3125 0.09375
0 0.16875 0.1828125 0.321875 0.096875
0 0.39921875 0.0625 0.2375 0.1140625
0 0.67421875 0.009375 0.2484375 0.01875
0 0.3515625 0.9578125 0.459375 0.084375
0 0.8546875 0.89453125 0.290625 0.1890625