0 0.634375 0.0765625 0.0640625 0.115625
0 0.56875 0.37890625 0.034375 0.0546875
0 0.62265625 0.6078125 0.0515625 0.0890625
0 0.565625 0.6890625 0.0390625 0.090625
0 0.54375 0.64140625 0.028125 0.053125
0 0.60234375 0.5546875 0.0296875 0.053125
0 0.46484375 0.48515625 0.0578125 0.0921875
0 0.43828125 0.38671875 0.0984375 0.16875
0 0.45703125 0.61484375 0.028125 0.046875
0 0.3703125 0.6515625 0.096875 0.20625
0 0.2625 0.6453125 0.14375 0.1953125
0 0.4203125 0.7359375 0.084375 0.13125
0 0.88984375 0.67421875 0.0515625 0.0890625
0 0.90234375 0.77265625 0.0390625 0.090625
0 0.94375 0.74140625 0.028125 0.053125
0 0.9328125 0.63671875 0.0296875 0.053125
0 0.06640625 0.29375 0.096875 0.16875
0 0.02421875 0.559375 0.0484375 0.20625
0 0.0984375 0.6046875 0.14375 0.1953125