0 0.5609375 0.3203125 0.2359375 0.078125
0 0.2265625 0.2453125 0.1796875 0.0421875
0 0.2328125 0.31875 0.2375 0.0796875
0 0.4296875 0.4125 0.1734375 0.0765625
0 0.6515625 0.4828125 0.2 0.075
0 0.809375 0.675 0.303125 0.159375
0 0.3484375 0.584375 0.38125 0.16875
0 0.7578125 0.29375 0.146875 0.046875
0 0.909375 0.3453125 0.175 0.0625
0 0.6796875 0.2328125 0.1640625 0.0328125
0 0.5609375 0.1140625 0.2359375 0.078125
0 0.2265625 0.1890625 0.1796875 0.0421875
0 0.2328125 0.115625 0.2375 0.0796875
0 0.42890625 0.0296875 0.1734375 0.059375
0 0.809375 0.884375 0.303125 0.159375
0 0.3484375 0.9453125 0.38125 0.109375
0 0.7578125 0.140625 0.146875 0.046875
0 0.909375 0.0890625 0.175 0.0625
0 0.6796875 0.2015625 0.1640625 0.0328125