0 0.48203125 0.34375 0.0484375 0.1078125
0 0.53203125 0.36640625 0.034375 0.0765625
0 0.50703125 0.4765625 0.028125 0.0671875
0 0.4921875 0.58125 0.028125 0.0703125
0 0.5609375 0.58828125 0.0328125 0.0671875
0 0.55390625 0.71640625 0.0390625 0.0625
0 0.4125 0.478125 0.0765625 0.15625
0 0.325 0.5125 0.0734375 0.1078125
0 0.68671875 0.903125 0.0515625 0.1640625
0 0.6578125 0.509375 0.0296875 0.109375
0 0.61484375 0.34921875 0.0234375 0.0671875
0 0.65234375 0.27109375 0.028125 0.0640625
0 0.6265625 0.21484375 0.028125 0.05625
0 0.609375 0.134375 0.0328125 0.096875
0 0.565625 0.23359375 0.0421875 0.0953125
0 0.58984375 0.3453125 0.0234375 0.0546875
0 0.628125 0.75078125 0.0234375 0.0578125
0 0.01875 0.33515625 0.0328125 0.10625
0 0.9859375 0.37265625 0.028125 0.0765625
0 0.003125 0.57109375 0.00625 0.0703125
0 0.9515625 0.5953125 0.0328125 0.0671875
0 0.95390625 0.7234375 0.0390625 0.0625
0 0.07578125 0.47265625 0.0765625 0.15625
0 0.1625 0.509375 0.0734375 0.1078125
0 0.81484375 0.90546875 0.0515625 0.1640625
0 0.8578125 0.5125 0.0296875 0.109375
0 0.90546875 0.35390625 0.0234375 0.0671875
0 0.87109375 0.275 0.028125 0.0640625
0 0.8984375 0.21953125 0.028125 0.05625
0 0.91875 0.13984375 0.0328125 0.096875
0 0.959375 0.240625 0.0421875 0.0953125
0 0.93046875 0.3515625 0.0234375 0.0546875
0 0.878125 0.75546875 0.0234375 0.0578125