0 0.6765625 0.4296875 0.090625 0.2390625
0 0.76875 0.759375 0.0515625 0.18125
0 0.6953125 0.75703125 0.0921875 0.240625
0 0.59140625 0.565625 0.0859375 0.1765625
0 0.509375 0.34765625 0.0859375 0.203125
0 0.309375 0.2 0.175 0.3109375
0 0.4234375 0.65546875 0.1890625 0.3890625
0 0.6921875 0.23203125 0.0546875 0.1484375
0 0.6328125 0.0859375 0.071875 0.171875
0 0.75703125 0.30625 0.040625 0.165625
0 0.88203125 0.41875 0.090625 0.2390625
0 0.825 0.75703125 0.0515625 0.18125
0 0.89765625 0.746875 0.0921875 0.240625
0 0.96953125 0.54609375 0.0609375 0.1765625
0 0.1 0.2109375 0.175 0.3109375
0 0.0640625 0.67421875 0.128125 0.3859375
0 0.8453125 0.2234375 0.0546875 0.1484375
0 0.8890625 0.07890625 0.071875 0.1578125
0 0.78828125 0.3046875 0.040625 0.165625