0 0.48671875 0.27734375 0.1328125 0.1375
0 0.29375 0.48671875 0.1609375 0.2265625
0 0.4015625 0.6046875 0.0765625 0.071875
0 0.63125 0.52265625 0.0515625 0.1
0 0.51640625 0.53125 0.171875 0.1609375
0 0.63203125 0.60546875 0.0984375 0.0734375
0 0.684375 0.54609375 0.0234375 0.053125
0 0.03828125 0.23828125 0.0453125 0.13125
0 0.14765625 0.47421875 0.1609375 0.2265625
0 0.03046875 0.5703125 0.0609375 0.071875
0 0.93046875 0.5484375 0.0515625 0.1
0 0.978125 0.57109375 0.04375 0.1484375
0 0.91484375 0.63046875 0.0984375 0.0734375
0 0.87421875 0.5625 0.0234375 0.053125