0 0.3703125 0.709375 0.128125 0.21875
0 0.359375 0.46953125 0.1171875 0.1765625
0 0.21484375 0.571875 0.1390625 0.159375
0 0.23984375 0.19375 0.065625 0.1171875
0 0.421875 0.8140625 0.05625 0.0859375
0 0.41875 0.9046875 0.0546875 0.0921875
0 0.5046875 0.64296875 0.065625 0.134375
0 0.478125 0.75078125 0.0421875 0.0796875
0 0.5046875 0.771875 0.0296875 0.046875
0 0.56015625 0.25078125 0.0421875 0.090625
0 0.5921875 0.04609375 0.0640625 0.0765625
0 0.053125 0.528125 0.10625 0.159375
0 0.19296875 0.18203125 0.065625 0.1171875