0 0.69921875 0.20234375 0.21875 0.371875
0 0.45859375 0.34921875 0.1765625 0.353125
0 0.45 0.13125 0.184375 0.2625
0 0.340625 0.3578125 0.065625 0.1515625
0 0.28125 0.7625 0.1796875 0.421875
0 0.396875 0.69375 0.1453125 0.3234375
0 0.57734375 0.84296875 0.2421875 0.3140625
0 0.353125 0.09609375 0.084375 0.1921875
0 0.9234375 0.2421875 0.153125 0.371875
0 0.06015625 0.28671875 0.115625 0.34375
0 0.12109375 0.10390625 0.1578125 0.2078125
0 0.13984375 0.32578125 0.065625 0.1515625
0 0.08046875 0.7296875 0.1609375 0.421875
0 0.02734375 0.63046875 0.0546875 0.3171875
0 0.85546875 0.865625 0.2171875 0.26875
0 0.2140625 0.08515625 0.084375 0.1703125