0 0.2796875 0.5328125 0.128125 0.121875
0 0.5046875 0.70625 0.215625 0.1421875
0 0.6125 0.5890625 0.065625 0.071875
0 0.5109375 0.3671875 0.096875 0.04375
0 0.5296875 0.48125 0.146875 0.159375
0 0.59375 0.359375 0.065625 0.09375
0 0.5296875 0.3125 0.0515625 0.01875
0 0.2796875 0.9828125 0.128125 0.034375
0 0.5046875 0.853125 0.215625 0.1421875
0 0.6125 0.9671875 0.065625 0.065625
0 0.5109375 0.0671875 0.096875 0.04375
0 0.5296875 0.01640625 0.146875 0.0328125
0 0.59375 0.075 0.065625 0.09375
0 0.5296875 0.121875 0.0515625 0.01875