0 0.6828125 0.5515625 0.090625 0.2390625
0 0.73984375 0.21328125 0.0515625 0.18125
0 0.6671875 0.2234375 0.0921875 0.240625
0 0.58359375 0.425 0.0859375 0.1765625
0 0.525 0.65078125 0.0859375 0.203125
0 0.34140625 0.81796875 0.175 0.3109375
0 0.4078125 0.353125 0.1890625 0.3890625
0 0.71953125 0.746875 0.0546875 0.1484375
0 0.67578125 0.90078125 0.071875 0.178125
0 0.7765625 0.665625 0.040625 0.165625
0 0.88828125 0.540625 0.090625 0.2390625
0 0.79609375 0.2109375 0.0515625 0.18125
0 0.86953125 0.21328125 0.0921875 0.240625
0 0.965625 0.4046875 0.06875 0.1765625
0 0.13203125 0.82890625 0.175 0.3109375
0 0.05625 0.37109375 0.1125 0.3859375
0 0.87265625 0.73828125 0.0546875 0.1484375
0 0.93203125 0.8875 0.071875 0.178125
0 0.8078125 0.6640625 0.040625 0.165625