0 0.0546875 0.278125 0.109375 0.078125
0 0.1828125 0.22421875 0.1609375 0.03125
0 0.4203125 0.2453125 0.3109375 0.0828125
0 0.809375 0.23828125 0.3203125 0.0859375
0 0.57578125 0.35 0.234375 0.10625
0 0.29921875 0.4375 0.2484375 0.1015625
0 0.67265625 0.5546875 0.459375 0.2296875
0 0.15625 0.66875 0.309375 0.2015625
0 0.053125 0.146875 0.10625 0.078125
0 0.18203125 0.19609375 0.1609375 0.03125
0 0.41953125 0.1671875 0.3109375 0.0828125
0 0.8078125 0.16015625 0.3203125 0.0859375
0 0.5703125 0.05625 0.234375 0.10625
0 0.29140625 0.015625 0.246875 0.028125
0 0.67890625 0.95546875 0.4578125 0.0890625
0 0.159375 0.91484375 0.309375 0.1703125