0 0.35546875 0.609375 0.1203125 0.2328125
0 0.215625 0.39765625 0.1125 0.14375
0 0.384375 0.44609375 0.0671875 0.1203125
0 0.4421875 0.46640625 0.0546875 0.096875
0 0.43359375 0.584375 0.0546875 0.0984375
0 0.5109375 0.58203125 0.040625 0.0875
0 0.49296875 0.38359375 0.059375 0.165625
0 0.4453125 0.2828125 0.046875 0.1
0 0.54453125 0.465625 0.034375 0.0890625
0 0.46640625 0.928125 0.0921875 0.14375
0 0.5109375 0.875 0.05 0.1046875
0 0.53359375 0.82109375 0.0578125 0.1171875
0 0.5734375 0.746875 0.0296875 0.06875
0 0.58515625 0.67734375 0.0296875 0.0703125
0 0.62265625 0.71484375 0.0421875 0.1078125
0 0.63046875 0.58125 0.0375 0.103125
0 0.62109375 0.62421875 0.0265625 0.065625
0 0.58203125 0.47265625 0.025 0.0578125
0 0.02265625 0.4390625 0.0453125 0.1375