0 0.94375 0.7296875 0.1125 0.0765625
0 0.8125 0.78125 0.1609375 0.028125
0 0.575 0.75625 0.309375 0.078125
0 0.1859375 0.75625 0.31875 0.0796875
0 0.421875 0.6484375 0.2328125 0.1015625
0 0.7 0.565625 0.246875 0.096875
0 0.328125 0.4421875 0.45625 0.221875
0 0.846875 0.3375 0.30625 0.196875
0 0.94375 0.8609375 0.1125 0.0765625
0 0.8125 0.809375 0.1609375 0.028125
0 0.575 0.834375 0.309375 0.078125
0 0.1859375 0.834375 0.31875 0.0796875
0 0.421875 0.9421875 0.2328125 0.1015625
0 0.7 0.98828125 0.246875 0.0234375
0 0.328125 0.040625 0.45625 0.08125
0 0.846875 0.08671875 0.30625 0.1734375