0 0.26328125 0.4390625 0.096875 0.15
0 0.3328125 0.52890625 0.0578125 0.0875
0 0.3671875 0.2828125 0.0859375 0.1421875
0 0.42734375 0.4515625 0.046875 0.0734375
0 0.45546875 0.575 0.0421875 0.0828125
0 0.49375 0.69921875 0.034375 0.053125
0 0.47265625 0.57890625 0.046875 0.1171875
0 0.4875 0.42890625 0.05 0.0890625
0 0.434375 0.19375 0.021875 0.0375
0 0.45078125 0.309375 0.0421875 0.06875
0 0.5015625 0.34921875 0.021875 0.0328125
0 0.40859375 0.84140625 0.1140625 0.20625
0 0.040625 0.5 0.08125 0.15
0 0.02421875 0.6109375 0.04375 0.084375
0 0.1171875 0.909375 0.09375 0.18125