0 0.3125 0.4796875 0.334375 0.1765625
0 0.6625 0.60625 0.359375 0.23125
0 0.765625 0.475 0.0625 0.046875
0 0.7234375 0.4 0.08125 0.046875
0 0.6578125 0.4296875 0.0921875 0.0671875
0 0.575 0.325 0.06875 0.0515625
0 0.4671875 0.2875 0.09375 0.021875
0 0.3203125 0.30625 0.0515625 0.0296875
0 0.3125 0.07265625 0.334375 0.1453125
0 0.3125 0.94375 0.334375 0.1125
0 0.6625 0.0234375 0.359375 0.046875
0 0.6625 0.85 0.359375 0.23125
0 0.765625 0.0625 0.0625 0.046875
0 0.765625 0.97890625 0.0625 0.0421875
0 0.7234375 0.1375 0.08125 0.046875
0 0.6578125 0.1078125 0.0921875 0.0671875
0 0.575 0.2125 0.06875 0.0515625
0 0.4671875 0.25 0.09375 0.021875
0 0.3203125 0.23125 0.0515625 0.0296875