0 0.5965206734375 0.928783196875 0.61327915625 0.976118896875 0.6274360999999999 0.9893600656249999 0.65549919375 0.9854285734375001 0.660614853125 0.9593604140625 0.6524485671875 0.8816633921875001 0.65863751875 0.8564643625 0.6369208921875 0.8086678484375 0.5733459046875 0.7269750953125 0.569770221875 0.711639846875 0.5542833218750001 0.7044301125 0.5355706859375 0.7319273734375 0.5251935796875 0.735963875 0.527847621875 0.7612154109375 0.56596105625 0.8809341749999999 0.5965206734375 0.928783196875
0 0.48496260625 0.754921446875 0.492259759375 0.833691759375 0.5123956328125 0.8571058812500001 0.523589365625 0.8608390796875 0.5158780359375 0.8154983124999999 0.49462222968749997 0.762743653125 0.48496260625 0.754921446875
0 0.5234142546875 0.999311259375 0.5497390765625 0.9975263515625 0.531703146875 0.9473790937500001 0.5175462046875 0.9341379249999999 0.5140171609374999 0.9472740859375 0.5234142546875 0.999311259375
0 0.387258465625 0.24574341875 0.39092742812500003 0.3180214765625 0.39608972656249997 0.3204247234375 0.40283864375 0.3098959671875 0.41035168437499997 0.3159799046875 0.41934046406250003 0.36413223281249996 0.45684729218750003 0.440709321875 0.490667559375 0.55695155625 0.511211746875 0.584250521875 0.52567199375 0.6190625328125 0.5470386781250001 0.6168168046875 0.560279846875 0.6026598578125 0.5698461859374999 0.5535392546875 0.5575383875 0.48315111406250005 0.5268737578125 0.4529880765625 0.5001989906250001 0.404730740625 0.48190053125 0.398798453125 0.43100088281250004 0.3255928875 0.40882343906249996 0.2827545171875 0.4015729265625 0.23245560781250002 0.393651571875 0.2224868171875 0.387258465625 0.24574341875
0 0.46492644531250005 0.09716252343750001 0.4308201875 0.1743928640625 0.4350024765625 0.2328697875 0.45774575312500004 0.2530640296875 0.4702753046875 0.21345139687499998 0.47473771875 0.11577015156249999 0.4739735953125 0.09915745625 0.46492644531250005 0.09716252343750001
0 0.6094183281250001 0.1732963890625 0.6102933296875 0.1349087 0.60391195 0.0835364984375 0.58249863125 0.057310821874999994 0.5706399203125 0.056593339062500005 0.5554563234375001 0.07095444375 0.54267010625 0.11746764218750001 0.5543129296875 0.1908715 0.5796111046875 0.21668886562499998 0.5932605875 0.2064167703125 0.6094183281250001 0.1732963890625
0 0.6225776671875 0.3545544421875 0.6460850671875 0.3913613828125 0.670875778125 0.39366548125 0.7003213296874999 0.3748595625 0.7212330578125 0.3402575765625 0.7238463234375 0.2997233015625 0.715009196875 0.262356396875 0.6919626171875 0.2205913125 0.6824546484375 0.22355452343749999 0.6691609734374999 0.24655446250000002 0.6516791390625001 0.2483918765625 0.640841215625 0.257386521875 0.629746628125 0.273281734375 0.6209444109375 0.3390150375 0.6225776671875 0.3545544421875
0 0.6873541375000001 0.5971593453125 0.699720309375 0.6213900953125 0.7150030484375 0.6266574046875 0.7288566921874999 0.6183277375 0.7292242328125 0.5564267796875 0.7623446140625 0.572584521875 0.783507134375 0.5683963671875001 0.78616704375 0.5563335 0.776209984375 0.48962605156250005 0.762665509375 0.48221215937500006 0.738434765625 0.4945783296875 0.7186021953124999 0.49273505 0.7042352265625 0.5148658562499999 0.7025961046875 0.5366408484375 0.69022406875 0.549724503125 0.6864383625 0.5697612296875 0.6873541375000001 0.5971593453125
0 0.687009778125 0.8367893078125 0.6814858046875 0.858972621875 0.6908828984375 0.9110097937500001 0.7303846578125001 0.9785397359375001 0.8294483593749999 0.968127721875 0.8134715984374999 0.8254615218750001 0.785717671875 0.81364945 0.7668592484375 0.793046890625 0.7572521328125 0.7763816921875 0.745300140625 0.7187213953125 0.7287924578125 0.7017995296875 0.7104939953125 0.6958672421875 0.70032105 0.70184616875 0.693157953125 0.745804475 0.7008167796875 0.7999882328125001 0.6850732171875 0.7996790687499999 0.687009778125 0.8367893078125
0 0.3864535671875 0.1633449171875 0.4113551578125 0.1106486265625 0.40916193281249996 0.08043895 0.403795478125 0.07609328125 0.394590809375 0.10062732968749999 0.3775697984375 0.0975066046875 0.37037179062500003 0.0383647015625 0.35947549687499997 0.09351673906249999 0.3673384796875 0.1496429265625 0.3780188890625 0.16717726093750002 0.3864535671875 0.1633449171875
0 0.436571778125 0.0048943781249999995 0.43835082343750004 0.0685336 0.44729882656250003 0.0509001203125 0.4473572 0.004742725 0.436571778125 0.0048943781249999995
0 0.8852321296874999 0.02549225 0.869739365625 0.0555969109375 0.8741783171874999 0.10717327031249999 0.8830154468750001 0.1445401734375 0.9057062171875 0.1735774109375 0.9211931140624999 0.18078715 0.94057073125 0.1502741703125 0.9366976109375 0.0760536828125 0.914520165625 0.0332153125 0.8966825249999999 0.02232488125 0.8852321296874999 0.02549225
0 0.8924882265624999 0.3654633671875 0.9078293390625 0.324573284375 0.9061960812500001 0.30903387968749996 0.8839194906250001 0.24656708906249997 0.8697625453125 0.2333259203125 0.8572913640625 0.22678116093749998 0.8398095328125 0.2286185765625 0.8220243984375 0.2088851515625 0.812108115625 0.20796351249999998 0.7982486078125001 0.25360758125 0.797373609375 0.29199527187499996 0.8083573203125001 0.33110044843750003 0.8360062328125 0.36059850312499997 0.8687182999999999 0.37287139375 0.8924882265624999 0.3654633671875
0 0.8164476374999999 0.5668980640625 0.8454848765625 0.54420729375 0.8587143171875 0.6046791515625001 0.8739970593749999 0.6099464609374999 0.8878507015625001 0.60161679375 0.8949087859375 0.575344471875 0.890108159375 0.5483546718750001 0.8822393125 0.5295428875 0.8674173890624999 0.519317434375 0.8612868109375 0.49835907031250004 0.8426325406249999 0.4796989359375 0.8236166 0.4856253578125 0.7973442828125 0.4785672734375 0.7856372234375 0.4886352078125 0.7897670078125001 0.555955128125 0.7948768015625001 0.5672013671875 0.8164476374999999 0.5668980640625
0 0.8578683625 0.783481446875 0.843705553125 0.807554678125 0.8190139859375 0.82487899375 0.8330483234375 0.9677493500000001 0.9321120265625 0.9573373359374999 0.9567103140625 0.8830702078125 0.955082921875 0.8302164062499999 0.9450674906250001 0.80966635 0.9392460796875 0.7729644234374999 0.9239108328125001 0.776540103125 0.9201368578125001 0.7219480296875 0.903990846875 0.6804396109375 0.8927971124999999 0.6767064125 0.876131909375 0.6863135296875 0.8635032125000001 0.706297753125 0.86380065 0.765182990625 0.8578683625 0.783481446875