0 0.734375 0.5111328140625 0.708984375 0.5326171859375 0.7177734359375 0.547265625 0.7333984359375 0.54921875 0.8212890640625 0.60390625 0.87109375 0.6205078140625 0.8955078140625 0.61171875 0.9736328140625 0.61171875 0.9990234359375 0.60390625 1 0.5755859359375 0.9853515640625 0.562890625 0.9365234359375 0.551171875 0.8857421859375 0.52578125 0.7626953140625 0.500390625 0.7373046859375 0.500390625 0.734375 0.5111328140625
0 0.7607421859375 0.4671875 0.8154296859375 0.4828125 0.861328125 0.4857421859375 0.8564453140625 0.475 0.8310546859375 0.457421875 0.751953125 0.4583984359375 0.7607421859375 0.4671875
0 1 0.4974609359375 0.9990234359375 0.47109375 0.9462890640625 0.4671875 0.93359375 0.4720703140625 0.9482421859375 0.484765625 1 0.4974609359375
0 0.310546875 0.4154296859375 0.3076171859375 0.410546875 0.2353515640625 0.414453125 0.212890625 0.4232421859375 0.2236328140625 0.430078125 0.2744140640625 0.43203125 0.3193359359375 0.449609375 0.3974609359375 0.492578125 0.4052734359375 0.51015625 0.4560546859375 0.531640625 0.4892578140625 0.558984375 0.560546875 0.5638671859375 0.6083984359375 0.54921875 0.62109375 0.5345703140625 0.62109375 0.5130859359375 0.5849609359375 0.50234375 0.5556640640625 0.484765625 0.4365234359375 0.46328125 0.3564453140625 0.433984375 0.3076171859375 0.430078125 0.30078125 0.4232421859375 0.310546875 0.4154296859375
0 0.2275390640625 0.46328125 0.1689453140625 0.465234375 0.095703125 0.5072265640625 0.09863281406249999 0.516015625 0.115234375 0.5150390640625 0.2119140640625 0.500390625 0.25 0.4837890640625 0.2275390640625 0.46328125
0 0.1484375 0.6478515640625 0.1865234359375 0.64296875 0.2177734359375 0.6234375 0.2265625 0.6087890640625 0.1982421859375 0.586328125 0.12402343593750001 0.582421875 0.07910156406249999 0.6 0.06640625 0.6166015640625 0.068359375 0.6283203140625 0.09667968593750001 0.646875 0.1484375 0.6478515640625
0 0.265625 0.6947265640625 0.244140625 0.7103515640625 0.2421875 0.7201171859375 0.2861328140625 0.738671875 0.32421875 0.7435546859375 0.3642578140625 0.73671875 0.396484375 0.7123046859375 0.412109375 0.6810546859375 0.4072265640625 0.656640625 0.3681640640625 0.637109375 0.3525390640625 0.637109375 0.2880859359375 0.652734375 0.2734375 0.6654296859375 0.265625 0.6771484359375 0.265625 0.6947265640625
0 0.5576171859375 0.69765625 0.5361328140625 0.7015625 0.515625 0.7181640640625 0.51953125 0.7376953140625 0.509765625 0.7630859359375 0.5185546859375 0.77578125 0.5859375 0.7787109359375 0.59765625 0.7748046859375 0.599609375 0.7533203140625 0.580078125 0.7220703140625 0.6416015640625 0.715234375 0.6484375 0.7005859359375 0.6416015640625 0.6859375 0.6162109359375 0.676171875 0.5888671859375 0.678125 0.5693359359375 0.683984375 0.5576171859375 0.69765625
0 1 0.6791015640625 0.9287109359375 0.646875 0.8759765640625 0.64296875 0.8544921859375 0.65078125 0.8173828140625 0.652734375 0.8193359359375 0.668359375 0.7646484359375 0.66640625 0.7216796859375 0.678125 0.716796875 0.6888671859375 0.724609375 0.7064453140625 0.7431640640625 0.72109375 0.8017578140625 0.726953125 0.8193359359375 0.734765625 0.841796875 0.7513671859375 0.8564453140625 0.777734375 1 0.7787109359375 1 0.6791015640625
0 0.103515625 0.4525390640625 0.1533203140625 0.422265625 0.15625 0.4134765640625 0.1376953140625 0.4046875 0.08105468593750001 0.402734375 0.02734375 0.4193359359375 0.08691406406249999 0.4203125 0.091796875 0.4369140640625 0.068359375 0.4486328140625 0.07324218593750001 0.453515625 0.103515625 0.4525390640625
0 0.064453125 0.4837890640625 0.0009765640625 0.488671875 0.001953125 0.4994140640625 0.047851564062500004 0.49453125 0.064453125 0.4837890640625
0 0.9776475734375 1 0.9853515640625 0.9981510421875001 1 0.9854557296875001 0.9990234359375 0.9571354171875001 0.9736328140625 0.9493229171875001 0.8955078140625 0.9493229171875001 0.87109375 0.940533853125 0.8212890640625 0.9571354171875001 0.752399553125 1 0.9776475734375 1
0 0.09667968593750001 0.9141666671875001 0.068359375 0.932721353125 0.06640625 0.944440103125 0.07910156406249999 0.9610416671875001 0.12402343593750001 0.9786197921875001 0.1982421859375 0.9747135421875001 0.2265625 0.952252603125 0.2177734359375 0.9376041671875001 0.1865234359375 0.9180729171875001 0.1484375 0.913190103125 0.09667968593750001 0.9141666671875001
0 0.2861328140625 0.8223697921875001 0.2421875 0.8409244796875001 0.244140625 0.850690103125 0.265625 0.866315103125 0.265625 0.8838932296875001 0.2734375 0.8956119796875001 0.2880859359375 0.9083072921875001 0.3525390640625 0.9239322921875001 0.3681640640625 0.9239322921875001 0.4072265640625 0.9044010421875001 0.412109375 0.8799869796875001 0.396484375 0.8487369796875001 0.3642578140625 0.8243229171875001 0.32421875 0.8174869796875001 0.2861328140625 0.8223697921875001
0 0.5185546859375 0.7852604171875 0.509765625 0.7979557296875 0.51953125 0.823346353125 0.515625 0.842877603125 0.5361328140625 0.8594791671875001 0.5576171859375 0.8633854171875001 0.5693359359375 0.8770572921875001 0.5888671859375 0.8829166671875001 0.6162109359375 0.8848697921875001 0.6416015640625 0.8751041671875001 0.6484375 0.8604557296875001 0.6416015640625 0.8458072921875001 0.580078125 0.838971353125 0.599609375 0.807721353125 0.59765625 0.7862369796875 0.5859375 0.7823307296875 0.5185546859375 0.7852604171875
0 1 0.7823307296875 0.8564453140625 0.7833072921875 0.841796875 0.8096744796875001 0.8193359359375 0.8262760421875001 0.8017578140625 0.8340885421875001 0.7431640640625 0.8399479171875001 0.724609375 0.854596353125 0.716796875 0.8721744796875001 0.7216796859375 0.8829166671875001 0.7646484359375 0.8946354171875001 0.8193359359375 0.8926822921875001 0.8173828140625 0.9083072921875001 0.8544921859375 0.9102604171875001 0.8759765640625 0.9180729171875001 0.9287109359375 0.9141666671875001 1 0.881940103125 1 0.7823307296875
0 0.0910500921875 0 0.08691406406249999 0.0140625 0.02734375 0.0150390640625 0.08105468593750001 0.031640625 0.1376953140625 0.0296875 0.15625 0.0208984359375 0.1533203140625 0.012109375 0.13339843906249998 0 0.0910500921875 0