0 0.928783196875 0.40347932656249996 0.976118896875 0.38672084375 0.9893600656249999 0.3725639 0.9854285734375001 0.34450080625 0.9593604140625 0.339385146875 0.8816633921875001 0.3475514328125 0.8564643625 0.34136248125 0.8086678484375 0.3630791078125 0.7269750953125 0.42665409531250004 0.711639846875 0.430229778125 0.7044301125 0.445716678125 0.7319273734375 0.4644293140625 0.735963875 0.4748064203125 0.7612154109375 0.472152378125 0.8809341749999999 0.43403894374999996 0.928783196875 0.40347932656249996
0 0.754921446875 0.51503739375 0.833691759375 0.507740240625 0.8571058812500001 0.4876043671875 0.8608390796875 0.476410634375 0.8154983124999999 0.48412196406249997 0.762743653125 0.5053777703125 0.754921446875 0.51503739375
0 0.999311259375 0.47658574531250003 0.9975263515625 0.4502609234375 0.9473790937500001 0.468296853125 0.9341379249999999 0.4824537953125 0.9472740859375 0.4859828390625 0.999311259375 0.47658574531250003
0 0.24574341875 0.612741534375 0.3180214765625 0.609072571875 0.3204247234375 0.6039102734374999 0.3098959671875 0.59716135625 0.3159799046875 0.5896483156250001 0.36413223281249996 0.5806595359375 0.440709321875 0.5431527078125 0.55695155625 0.5093324406249999 0.584250521875 0.48878825312499996 0.6190625328125 0.47432800625000004 0.6168168046875 0.452961321875 0.6026598578125 0.439720153125 0.5535392546875 0.43015381406250003 0.48315111406250005 0.4424616125 0.4529880765625 0.4731262421875 0.404730740625 0.49980100937499994 0.398798453125 0.51809946875 0.3255928875 0.5689991171875 0.2827545171875 0.5911765609375 0.23245560781250002 0.5984270734375 0.2224868171875 0.606348428125 0.24574341875 0.612741534375
0 0.09716252343750001 0.5350735546875 0.1743928640625 0.5691798125 0.2328697875 0.5649975234375 0.2530640296875 0.542254246875 0.21345139687499998 0.5297246953125 0.11577015156249999 0.5252622812500001 0.09915745625 0.5260264046875001 0.09716252343750001 0.5350735546875
0 0.1732963890625 0.39058167187500004 0.1349087 0.3897066703125 0.0835364984375 0.39608805 0.057310821874999994 0.41750136875 0.056593339062500005 0.4293600796875 0.07095444375 0.4445436765625 0.11746764218750001 0.45732989375 0.1908715 0.44568707031250004 0.21668886562499998 0.4203888953125 0.2064167703125 0.4067394125 0.1732963890625 0.39058167187500004
0 0.3545544421875 0.37742233281250004 0.3913613828125 0.3539149328125 0.39366548125 0.329124221875 0.3748595625 0.2996786703125 0.3402575765625 0.2787669421875 0.2997233015625 0.2761536765625 0.262356396875 0.284990803125 0.2205913125 0.3080373828125 0.22355452343749999 0.3175453515625 0.24655446250000002 0.33083902656249997 0.2483918765625 0.34832086093750003 0.257386521875 0.35915878437500004 0.273281734375 0.37025337187499996 0.3390150375 0.3790555890625 0.3545544421875 0.37742233281250004
0 0.5971593453125 0.31264586250000004 0.6213900953125 0.300279690625 0.6266574046875 0.2849969515625 0.6183277375 0.27114330781249996 0.5564267796875 0.2707757671875 0.572584521875 0.2376553859375 0.5683963671875001 0.21649286562499997 0.5563335 0.21383295625 0.48962605156250005 0.22379001562499998 0.48221215937500006 0.23733449062499998 0.4945783296875 0.261565234375 0.49273505 0.2813978046875 0.5148658562499999 0.2957647734375 0.5366408484375 0.2974038953125 0.549724503125 0.30977593125 0.5697612296875 0.3135616375 0.5971593453125 0.31264586250000004
0 0.8367893078125 0.312990221875 0.858972621875 0.3185141953125 0.9110097937500001 0.3091171015625 0.9785397359375001 0.2696153421875 0.968127721875 0.170551640625 0.8254615218750001 0.1865284015625 0.81364945 0.214282328125 0.793046890625 0.2331407515625 0.7763816921875 0.2427478671875 0.7187213953125 0.254699859375 0.7017995296875 0.2712075421875 0.6958672421875 0.2895060046875 0.70184616875 0.29967895 0.745804475 0.306842046875 0.7999882328125001 0.2991832203125 0.7996790687499999 0.31492678281250003 0.8367893078125 0.312990221875
0 0.1633449171875 0.6135464328125 0.1106486265625 0.5886448421875 0.08043895 0.5908380671875 0.07609328125 0.5962045218750001 0.10062732968749999 0.605409190625 0.0975066046875 0.6224302015625 0.0383647015625 0.6296282093750001 0.09351673906249999 0.640524503125 0.1496429265625 0.6326615203125 0.16717726093750002 0.6219811109375 0.1633449171875 0.6135464328125
0 0.0048943781249999995 0.563428221875 0.0685336 0.5616491765625 0.0509001203125 0.5527011734375 0.004742725 0.5526428 0.0048943781249999995 0.563428221875
0 0.02549225 0.11476787031249999 0.0555969109375 0.130260634375 0.10717327031249999 0.1258216828125 0.1445401734375 0.116984553125 0.1735774109375 0.0942937828125 0.18078715 0.0788068859375 0.1502741703125 0.05942926875 0.0760536828125 0.06330238906249999 0.0332153125 0.085479834375 0.02232488125 0.10331747499999999 0.02549225 0.11476787031249999
0 0.3654633671875 0.1075117734375 0.324573284375 0.09217066093750001 0.30903387968749996 0.09380391875 0.24656708906249997 0.116080509375 0.2333259203125 0.1302374546875 0.22678116093749998 0.1427086359375 0.2286185765625 0.16019046718750002 0.2088851515625 0.1779756015625 0.20796351249999998 0.18789188437499998 0.25360758125 0.2017513921875 0.29199527187499996 0.202626390625 0.33110044843750003 0.19164267968749998 0.36059850312499997 0.1639937671875 0.37287139375 0.1312817 0.3654633671875 0.1075117734375
0 0.5668980640625 0.1835523625 0.54420729375 0.1545151234375 0.6046791515625001 0.1412856828125 0.6099464609374999 0.126002940625 0.60161679375 0.11214929843749999 0.575344471875 0.1050912140625 0.5483546718750001 0.10989184062499999 0.5295428875 0.11776068749999999 0.519317434375 0.13258261093749998 0.49835907031250004 0.13871318906250002 0.4796989359375 0.15736745937500002 0.4856253578125 0.1763834 0.4785672734375 0.2026557171875 0.4886352078125 0.21436277656249997 0.555955128125 0.2102329921875 0.5672013671875 0.20512319843750002 0.5668980640625 0.1835523625
0 0.783481446875 0.1421316375 0.807554678125 0.156294446875 0.82487899375 0.18098601406249998 0.9677493500000001 0.1669516765625 0.9573373359374999 0.0678879734375 0.8830702078125 0.0432896859375 0.8302164062499999 0.044917078124999996 0.80966635 0.05493250937500001 0.7729644234374999 0.0607539203125 0.776540103125 0.0760891671875 0.7219480296875 0.0798631421875 0.6804396109375 0.096009153125 0.6767064125 0.1072028875 0.6863135296875 0.123868090625 0.706297753125 0.1364967875 0.765182990625 0.13619935 0.783481446875 0.1421316375