0 0.65402529375 0.45100522187500003 0.7607884703125001 0.4113041 0.8429752359375 0.362958321875 0.8937386234375 0.307298803125 0.9017935187499999 0.25125626093750003 0.8442935578125 0.23164186875 0.7328606078125001 0.26356599062499997 0.5620641265625 0.3393995046875 0.5015799296875 0.39379048125 0.499210340625 0.43846415937499994 0.5723908062499999 0.45345153125 0.65402529375 0.45100522187500003
0 0.7289785546875 0.5035449203125 0.7512726421875 0.512633215625 0.8033865640625001 0.48829195 0.7722393249999999 0.458028475 0.7288324312500001 0.4743611109375 0.70609295 0.49141352656250004 0.7289785546875 0.5035449203125
0 0.525 0.5203125 0.0703125 0.040625
0 0.346875 0.375 0.15 0.1125
0 0.41484375 0.478125 0.1421875 0.1046875
0 0.31953125 0.54609375 0.084375 0.0609375
0 0.18203125 0.4453125 0.1796875 0.103125
0 0.178125 0.34921875 0.159375 0.1140625
0 0.0515625 0.39296875 0.103125 0.1140625
0 0.1234375 0.5125 0.1921875 0.0890625
0 0.155776934375 0.6212801828125001 0.060553634375 0.6350526015625 0.0235928265625 0.6398684984375 0.0271419359375 0.6581270828125 0.0649900203125 0.6578758328125 0.11617215781250001 0.6652964578125 0.1545280109375 0.6554722765625 0.1569582140625 0.6557894125 0.17443640625 0.6279169 0.155776934375 0.6212801828125001
0 0.2703125 0.5859375 0.1421875 0.0703125
0 0.80703125 0.1953125 0.1140625 0.0890625
0 0.28515625 0.2953125 0.1015625 0.0859375
0 0.45185547656249997 0 0.42673315624999997 0.004883284375 0.41627948437500006 0.0118218875 0.4352115828125 0.05235493906250001 0.5116667734375 0.0801275953125 0.698434246875 0.086457715625 0.813712065625 0.0743137296875 0.8596774203124999 0.0345877171875 0.83956385 0 0.45185547656249997 0
0 0.29921875 0.128125 0.15 0.1125
0 0.3296875 0.0359375 0.13125 0.0484375
0 0.11953125 0.125 0.1796875 0.103125
0 0.1515625 0.215625 0.159375 0.1140625
0 0.03515625 0.22890625 0.0703125 0.1140625
0 0.06875 0.09609375 0.1375 0.0671875
0 0.79296875 0.1234375 0.1140625 0.0890625
0 0.271875 0.22578125 0.1015625 0.0859375