0 0.43091892343750005 0.8628226 0.4626944796875 0.7729210265625001 0.4812948046875 0.660544059375 0.46811957499999995 0.57994265 0.439444071875 0.5109664406250001 0.39604331406250004 0.5218166328125 0.35419258125 0.591567853125 0.3123418484375 0.7736960390625 0.302266671875 0.8891730609374999 0.3324922015625 0.9418739828125 0.38596813750000003 0.9232736578124999 0.43091892343750005 0.8628226
0 0.5308956734375 0.7039448187499999 0.5184954562499999 0.7295202656249999 0.510745321875 0.7752460671875 0.5463959453125 0.8000465 0.5603461890625 0.744245525 0.5471709578125 0.7240951718749999 0.5308956734375 0.7039448187499999
0 0.525 0.5203125 0.028125 0.065625
0 0.3484375 0.3734375 0.0875 0.1359375
0 0.4625 0.4203125 0.08125 0.1296875
0 0.5109375 0.3140625 0.046875 0.0765625
0 0.3859375 0.1984375 0.071875 0.16875
0 0.290625 0.2125 0.0875 0.1453125
0 0.30625 0.0625 0.0921875 0.1234375
0 0.440625 0.128125 0.0546875 0.1859375
0 0.589021690625 0.0916841046875 0.5719713921875 0.04285825 0.5649962703125 0.0056576000000000005 0.5463959453125 0.0056576000000000005 0.5487209859375 0.04285825 0.5533710671875001 0.13895993125 0.56344624375 0.15601023125 0.5874716640625001 0.13353483593749998 0.58669665 0.13120979531250002 0.589021690625 0.0916841046875
0 0.540625 0.2578125 0.0453125 0.1359375
0 0.259375 0.859375 0.0703125 0.103125
0 0.2578125 0.328125 0.0703125 0.0890625
0 0 0.8250755859375 0.013341617187499998 0.8628226 0.058292403125 0.9232736578124999 0.11176833906250001 0.9418739828125 0.14199386875 0.8891730609374999 0.13191869218750002 0.7736960390625 0.09006795937499999 0.591567853125 0.0482172265625 0.5218166328125 0.0048164671875 0.5109664406250001 0 0.522551996875 0 0.8250755859375
0 0.096875 0.3734375 0.0875 0.1359375
0 0.01171875 0.42109375 0.0234375 0.1296875
0 0.059375 0.1984375 0.071875 0.16875
0 0.1546875 0.2125 0.0875 0.1453125
0 0.1390625 0.0625 0.0921875 0.1234375
0 0.01640625 0.12890625 0.0328125 0.1859375
0 1 0.0056576000000000005 0.9912537296874999 0.0056576000000000005 0.9842786078125 0.04285825 0.967228309375 0.0916841046875 0.96955335 0.13120979531250002 0.9687783359375001 0.13353483593749998 0.9928037562500001 0.15601023125 1 0.14383197187500002 1 0.0056576000000000005
0 0.1859375 0.859375 0.0703125 0.103125
0 0.1875 0.328125 0.0703125 0.0890625