0 0.234375 0.77265625 0.2703125 0.2015625
0 0.4375 0.5140625 0.284375 0.225
0 0.60703125 0.40078125 0.1390625 0.125
0 0.80234375 0.440625 0.1890625 0.1328125
0 0.95 0.39921875 0.0828125 0.0734375
0 0.83828125 0.51875 0.1578125 0.0984375
0 0.79375 0.61875 0.19375 0.1359375
0 0.60546875 0.32109375 0.11875 0.0765625
0 0.52109375 0.28671875 0.0890625 0.0546875
0 0.3484375 0.3109375 0.109375 0.065625
0 0.3875 0.24765625 0.078125 0.053125
0 0.48046875 0.20859375 0.0921875 0.0484375
0 0.50859375 0.2453125 0.1125 0.05
0 0.6453125 0.25078125 0.071875 0.0625
0 0.58125 0.2046875 0.0859375 0.05
0 0.72890625 0.2046875 0.134375 0.0578125
0 0.2265625 0.30078125 0.075 0.04375
0 0.25703125 0.2625 0.0609375 0.0375
0 0.2640625 0.23046875 0.059375 0.0375
0 0.32734375 0.22578125 0.0640625 0.0390625
0 0.29296875 0.96484375 0.2609375 0.0703125
0 0.86015625 0.88984375 0.1875 0.109375
0 0.45703125 0.0296875 0.0890625 0.0546875
0 0.29296875 0.08984375 0.109375 0.065625
0 0.35703125 0.1265625 0.078125 0.053125
0 0.4578125 0.11796875 0.0921875 0.0484375
0 0.465625 0.071875 0.1125 0.05
0 0.5828125 0.01640625 0.071875 0.0328125
0 0.5484375 0.07421875 0.0859375 0.05
0 0.678125 0.01640625 0.134375 0.0328125
0 0.18984375 0.15546875 0.075 0.04375
0 0.23515625 0.175 0.0609375 0.0375
0 0.25625 0.2 0.059375 0.0375
0 0.3140625 0.17421875 0.0640625 0.0390625