0 0.53984375 0.765625 0.05 0.1078125
0 0.63828125 0.70390625 0.1046875 0.134375
0 0.5140625 0.48984375 0.0875 0.1859375
0 0.42265625 0.6078125 0.0453125 0.0703125
0 0.46015625 0.7328125 0.0296875 0.05
0 0.6073488 0.9293251328125001 0.61909145 0.9524614281250001 0.63298790625 0.9619991125 0.652383375 0.9738750984375001 0.6677179234375 0.9697008203124999 0.675250728125 0.9730949093750001 0.6937570390625 0.8747795078125 0.6816809734375 0.8398516812500001 0.657955640625 0.8228878906249999 0.643038959375 0.81979165 0.62698869375 0.8238525703124999 0.6191869484375 0.831420940625 0.6114629953125 0.8338659390625001 0.6102516203125 0.8461464703124999 0.6164596890625 0.8625368109375 0.6305472984375 0.8662354109375 0.6378533843749999 0.8710609343750001 0.6257151171875 0.8874801796874999 0.6091758515625 0.8899963078124999 0.6033656703125 0.908151496875 0.6073488 0.9293251328125001
0 0.8734375 0.81875 0.05 0.1078125
0 0.79921875 0.72890625 0.1046875 0.134375
0 0.01953125 0.4109375 0.0390625 0.178125
0 0.96953125 0.56171875 0.0609375 0.1828125
0 0.04609375 0.5484375 0.0453125 0.0703125
0 0.953125 0.8109375 0.015625 0.046875
0 0.7820235062500001 0.8733524640624999 0.7846663125 0.8612986484375 0.77807594375 0.856586484375 0.7729947968750001 0.846977665625 0.75898498125 0.8381556953124999 0.7438415828125 0.8364908874999999 0.7160353515625 0.8452928796875 0.6937570390625 0.8747795078125 0.68097645625 0.974001775 0.6891894109375001 0.97310156875 0.7024835109375 0.98181018125 0.7245995781250001 0.9765089765624999 0.7407632000000001 0.9717323406249999 0.75908063125 0.9533570953125 0.769411828125 0.934450625 0.769496278125 0.9153885687500001 0.7545440296875 0.907884675 0.7480736765625 0.8885181125000001 0.756513346875 0.8861864734375 0.7710543875 0.88702220625 0.7820235062500001 0.8733524640624999