0 0.76015625 0.56796875 0.1046875 0.0390625
0 0.68828125 0.659375 0.1265625 0.0921875
0 0.48828125 0.51328125 0.18125 0.0703125
0 0.615625 0.434375 0.0671875 0.0390625
0 0.73515625 0.484375 0.0484375 0.025
0 0.8171469531250001 0.6531769515625 0.8088045390625 0.6601448484375 0.8030881546874999 0.6756827078125001 0.804608215625 0.69084131875 0.8189991046875 0.7162098796875 0.8524733015624999 0.7318707437499999 0.95218455625 0.7237425703125 0.949596453125 0.715896253125 0.9553507609375 0.7010820375 0.9455672125 0.6805514421875001 0.9375343515625 0.6657341531250001 0.9157522406249999 0.6516374296875 0.8951109468749999 0.6454628703124999 0.876447884375 0.6493434890625001 0.8722167140625 0.6655291437499999 0.8546186203125 0.6758846375 0.8505832265625 0.6681141703125 0.8483774437499999 0.6537171265625 0.8327258109375 0.645829809375 0.8203859296875 0.6457508828125 0.8171469531250001 0.6531769515625
0 0.778125 0.9046875 0.1046875 0.0390625
0 0.696875 0.82109375 0.1265625 0.0921875
0 0.4609375 0.01171875 0.178125 0.0234375
0 0.51171875 0.97578125 0.1796875 0.0484375
0 0.5953125 0.05390625 0.0671875 0.0390625
0 0.76171875 0.9828125 0.046875 0.0109375
0 0.9504215609375001 0.7731779484375 0.958005484375 0.7517371625 0.950734190625 0.7376055906250001 0.9524879531250001 0.729531725 0.8524733015624999 0.7318707437499999 0.8208194859375 0.750944821875 0.8091591687499999 0.7776786687499999 0.809231940625 0.7929131296875 0.8165411593749999 0.8077683453125 0.8255662156250001 0.8138260515625 0.8295636843749999 0.8208728734375 0.8418277171874999 0.8195045109375 0.856569159375 0.810024359375 0.8572579578124999 0.7954756171875 0.860459009375 0.7873259046875 0.87904314375 0.7957851687499999 0.8849429953125 0.811439878125 0.9039094546875001 0.8133484171875001 0.9237922562499999 0.8050500812499999 0.943981534375 0.7887537296875 0.9504215609375001 0.7731779484375