0 0.16015625 0.203125 0.0484375 0.084375
0 0.2546875 0.45859375 0.090625 0.1515625
0 0.26328125 0.59921875 0.0515625 0.0734375
0 0.32890625 0.578125 0.040625 0.0640625
0 0.31171875 0.4953125 0.040625 0.0546875
0 0.353125 0.4953125 0.0640625 0.10625
0 0.4609375 0.56640625 0.0328125 0.0484375
0 0.43515625 0.6140625 0.0375 0.06875
0 0.396875 0.67109375 0.06875 0.08125
0 0.446875 0.72734375 0.0359375 0.040625
0 0.49296875 0.6921875 0.05625 0.1171875
0 0.52421875 0.72890625 0.0234375 0.0421875
0 0.54140625 0.75 0.0203125 0.021875
0 0.50390625 0.7859375 0.021875 0.0265625
0 0.46015625 0.79296875 0.028125 0.0390625
0 0.41611770937500003 0.32157263125 0.4045652640625 0.2569631515625 0.3740344640625 0.186643684375 0.350998890625 0.1415044359375 0.31052169375 0.10459669062500002 0.2885371375 0.133219025 0.27466085625000003 0.1751066453125 0.27380546250000004 0.2223977296875 0.25968375625 0.26686488124999996 0.279711075 0.324472040625 0.31257598125 0.39761646562499997 0.34586653125 0.4252509375 0.3795899125 0.483900896875 0.4026804234375 0.460068975 0.420671940625 0.42143606250000004 0.4329524453125 0.3908492984375 0.41611770937500003 0.32157263125
0 0.45751653281250004 0.3624723890625 0.48522134843750003 0.4241937578125 0.5015020796874999 0.48014301093749995 0.50937109375 0.5615810640625 0.532962725 0.6419121359375 0.567236003125 0.670160684375 0.577427825 0.6341694296875 0.581661153125 0.5869394484375 0.57416181875 0.5180304046875001 0.5549339296875 0.47117112499999997 0.539514753125 0.433524021875 0.5142662437500001 0.3678717421875 0.494116728125 0.3170204515625 0.478387946875 0.25253419843749997 0.45811520312500004 0.1975065734375 0.443806090625 0.20837870625 0.44288754375000006 0.23718331250000002 0.4549298109375 0.2857015234375 0.437489215625 0.30486522968749996 0.45751653281250004 0.3624723890625
0 0.128125 0.21015625 0.0484375 0.084375
0 0.15546875 0.48203125 0.090625 0.1515625
0 0.21015625 0.61171875 0.0515625 0.0734375
0 0.14140625 0.62109375 0.040625 0.0640625
0 0.12109375 0.5390625 0.040625 0.0546875
0 0.08359375 0.5578125 0.0640625 0.10625
0 0.028125 0.66640625 0.0140625 0.04375
0 0.06171875 0.70078125 0.0375 0.06875
0 0.12109375 0.73515625 0.06875 0.08125
0 0.10078125 0.80703125 0.0359375 0.040625
0 0.08046875 0.8828125 0.0140625 0.025
0 0.11796875 0.871875 0.028125 0.0390625
0 0 0.5291225093749999 0.0229603296875 0.547734265625 0.05416117031249999 0.559032040625 0.05876109375000001 0.49153444999999996 0.07656828593750001 0.45210313593749996 0.0740426625 0.371954334375 0.06678978125 0.31139796406250003 0.034604159375 0.2776217015625 0.0131042890625 0.2354917359375 0 0.22207671874999999 0 0.5291225093749999