0 0.08125 0.33203125 0.084375 0.05
0 0.3515625 0.3 0.153125 0.09375
0 0.48125 0.24375 0.075 0.053125
0 0.49140625 0.31171875 0.0640625 0.0421875
0 0.41015625 0.33359375 0.0546875 0.0421875
0 0.42890625 0.37109375 0.1078125 0.065625
0 0.54140625 0.43515625 0.0484375 0.0328125
0 0.57265625 0.38984375 0.06875 0.0390625
0 0.60546875 0.33046875 0.08125 0.0703125
0 0.678125 0.34921875 0.040625 0.0375
0 0.66796875 0.40625 0.1171875 0.0578125
0 0.71484375 0.4171875 0.0421875 0.0234375
0 0.7421875 0.4234375 0.021875 0.021875
0 0.75625 0.3734375 0.0265625 0.021875
0 0.74296875 0.33125 0.0390625 0.028125
0 0.24012611874999998 0.5253034484375 0.3029382875 0.5062646609375 0.3723070609375 0.48981357187499996 0.393984834375 0.46498546406249996 0.4202390328125 0.431415928125 0.4309905578125 0.400022665625 0.363422965625 0.3966014375 0.3236868796875 0.379485128125 0.2435943640625 0.38340915625 0.183173796875 0.3917177890625 0.1499643953125 0.42448798437499996 0.1082160703125 0.4467198484375 0.07719362656249999 0.4781002890625 0.0616717203125 0.5106829390625001 0.11293302499999999 0.5299926203124999 0.163610321875 0.5300246750000001 0.24012611874999998 0.5253034484375
0 0.6145370031249999 0.5332909375 0.654697334375 0.50807705 0.6821387875 0.4826563828125 0.641409403125 0.464943240625 0.5591235171875 0.48039248749999997 0.48298922343750006 0.5103532484375 0.4257467765625 0.5212474390625 0.3581749109375 0.5245831828124999 0.2977543453125 0.532891815625 0.2885972203125 0.557131640625 0.2399001046875 0.5684287078125 0.214652025 0.5823241578125 0.211461084375 0.6000095156249999 0.2696946890625 0.5930906421875 0.3342930796875 0.5778289421875 0.38874960000000003 0.5726962906249999 0.4587087921875 0.565387365625 0.4992527671875 0.562034525 0.54973396875 0.55789303125 0.6145370031249999 0.5332909375
0 0.0734375 0.30078125 0.084375 0.05
0 0.32734375 0.2015625 0.153125 0.09375
0 0.46796875 0.190625 0.075 0.053125
0 0.4453125 0.12578125 0.0640625 0.0421875
0 0.36328125 0.14453125 0.0546875 0.0421875
0 0.3625 0.103125 0.1078125 0.065625
0 0.434375 0.00546875 0.04375 0.0109375
0 0.4796875 0.01875 0.06875 0.0375
0 0.5375 0.05625 0.08125 0.0703125
0 0.5921875 0.01171875 0.040625 0.0234375
0 0 0.1722605875 0.00115196875 0.17311385625 0.043275384374999996 0.186256984375 0.09057419531250001 0.1862869046875 0.13528103125 0.1996304015625 0.1925298921875 0.17860075 0.26508960625 0.1444643015625 0.29213886875 0.11069653593749999 0.350191340625 0.0759547078125 0.3259600640625 0.0532836375 0.289650603125 0.03713918125 0.0197895234375 0.1044231046875 0.008346010937499999 0.1105170171875 0 0.11999735781250001 0 0.1722605875