0 0.640625 0.778125 0.1765625 0.2328125
0 0.48671875 0.79453125 0.071875 0.1265625
0 0.496875 0.90078125 0.028125 0.0421875
0 0.5390625 0.40546875 0.1328125 0.203125
0 0.41484375 0.0640625 0.0765625 0.1203125
0 0.39296875 0.1859375 0.078125 0.1078125
0 0.3390625 0.1234375 0.040625 0.075
0 0.41484375 0.3296875 0.0609375 0.0765625
0 0.39375 0.3875 0.0234375 0.05
0 0.46328125 0.58828125 0.0484375 0.1203125
0 0.425 0.48671875 0.0484375 0.1046875
0 0.3921875 0.61015625 0.0484375 0.103125
0 0.959375 0.72265625 0.08125 0.2265625
0 0.06328125 0.86171875 0.0421875 0.1203125
0 0.075 0.96796875 0.0203125 0.040625
0 0.95859375 0.33984375 0.0734375 0.19375
0 0.0109375 0.446875 0.021875 0.05
0 0.0171875 0.55234375 0.034375 0.1046875
0 0.08046875 0.659375 0.0484375 0.103125