0 0.35659200156250004 0.0871228890625 0.348934775 0.089616228125 0.3425447015625 0.0822314890625 0.3247845484375 0.09424181875 0.3261946203125 0.1284063671875 0.3442815734375 0.177067909375 0.361775915625 0.20325510625 0.3745151 0.245437971875 0.4018398828125 0.25821144375 0.4094971078125 0.2557181046875 0.41751542343750003 0.244388990625 0.41656172187499996 0.23075041875000002 0.35659200156250004 0.0871228890625
0 0.521943178125 0.43581296406250003 0.530697025 0.491000825 0.5395804390625 0.506042790625 0.5537639828125 0.5128825578125 0.5678589234375 0.532454834375 0.5734315390625 0.5281493703125 0.6008449234375 0.528190334375 0.61570300625 0.5026776765625 0.6146130624999999 0.4870907375 0.605865890625 0.47399713906249996 0.6006476890625 0.4273725671875 0.58732256875 0.40480961875 0.5743518609375 0.331316634375 0.5637449265625001 0.3056267703125 0.5584924359375 0.3285098453125 0.5624434859375 0.385012496875 0.5571976734375 0.4499898328125 0.5473195937499999 0.44872268125000003 0.536576415625 0.42108444843750004 0.5250224546875 0.42385027500000005 0.521943178125 0.43581296406250003
0 0.6573199640625 0.6358411921875 0.6653382796875 0.6245120765625 0.6652839640625 0.5677369390625 0.6556240546875001 0.5135913859375 0.64742185625 0.5082912562499999 0.6429667968749999 0.41658175000000003 0.6271483359375 0.386361575 0.6237422578125 0.33765239375 0.6149474484375 0.30987791875 0.60996744375 0.336657728125 0.6204038484375001 0.429906871875 0.616970159375 0.492799596875 0.6209688484375 0.563983125 0.6301723890625001 0.5976027015625001 0.6370597953125 0.598100034375 0.6432659875 0.5888555296875 0.6573199640625 0.6358411921875
0 0.6616806515625 0.41820999218750005 0.657150340625 0.42342151718750004 0.6595550765625 0.44381125312499997 0.669208309375 0.4558625453125 0.6779688328125 0.5531446671875 0.683044115625 0.5557266109375 0.6907899453125 0.5405007609375 0.69532693125 0.577383496875 0.7005384578125 0.5819138078125 0.7089655031250001 0.5764297953125 0.710191690625 0.5939650999999999 0.717351584375 0.5983591671874999 0.7234215328125 0.587166296875 0.721650371875 0.561837521875 0.7284901390625 0.5476539781249999 0.720914840625 0.4953205484375 0.7175154390625 0.48870562812499996 0.7128488843749999 0.49196878593750004 0.710225978125 0.5244574546874999 0.6992579531249999 0.5076033640625 0.6905584218749999 0.5091906421875 0.6755917078125 0.421153025 0.6616806515625 0.41820999218750005
0 0.6152657687499999 0 0.615036959375 0.01716645625 0.608469678125 0.035246734375 0.606303140625 0.08826138125 0.6144300874999999 0.1904825421875 0.6160173640625 0.1991820734375 0.6253981109375 0.20733663125000001 0.62938345 0.1943316359375 0.6192604953124999 0.0775658421875 0.6211612234375 0.0627487234375 0.629363421875 0.068048853125 0.6358420984375 0.0627010828125 0.6302151671875 0.010231409375 0.62495725625 0 0.6152657687499999 0
0 0.666088978125 0.2152596671875 0.6667568421875 0.14081298125 0.6554210515625 0.0907004046875 0.64286575 0.0651467828125 0.636387071875 0.070494553125 0.653894765625 0.180870271875 0.6555296828125 0.20425067968750002 0.6479677359375 0.236105771875 0.6524161187499999 0.28572101562499996 0.6574504390625 0.31571634375 0.676348175 0.3339738296875 0.6827858890625 0.3560394453125 0.6901229890625 0.3349684953125 0.6887605578125 0.31548482187500004 0.666088978125 0.2152596671875
0 0.6885490640625 0.4104574859375 0.6952116234375 0.4217389609375 0.6993332046875 0.41068233281250005 0.6919417890624999 0.3749781453125 0.6860080843749999 0.38811938437500004 0.6885490640625 0.4104574859375
0 0.721160621875 0.3308402375 0.7109624171875 0.310995475 0.705573684375 0.3319301828125 0.6937472375 0.3307992734375 0.69433985 0.35327361874999996 0.6959271265625 0.36197314999999997 0.7178155359375 0.3810004546875 0.722209603125 0.3738405609375 0.721160621875 0.3308402375
0 0.5817757484375 0.8574710812499999 0.5864899421875001 0.8688887984375 0.5994949375 0.8728741359375001 0.6069273171875 0.8811649390625 0.6121931578125 0.9424703859375001 0.6021788359375 0.9392548671875 0.586271771875 0.9217672015625 0.57158421875 0.8797205796875 0.5565832171875 0.8611906093749999 0.5391298390625 0.8075900265625 0.5296128484375 0.7974871 0.5156131890625 0.8072765765625001 0.5182904109375001 0.8315630468749999 0.533884025 0.8725673625000001 0.543264771875 0.880721921875 0.553776428125 0.8770500328124999 0.5619376625 0.9097635484375 0.5723607140625 0.91882416875 0.5816528578125 0.9397112359375001 0.593888034375 0.9466872468749999 0.5992834421875 0.9678468015625 0.6134669859375 0.9746865687499999 0.6146931734375001 0.9922218734375001 0.6274256828125 0.9923104765625 0.623863334375 0.81537014375 0.5940385359375 0.752845184375 0.5956191375000001 0.719450453125 0.5894539109375 0.701281571875 0.5829752328125 0.7066293421875 0.580713415625 0.7302822359375 0.5858363375 0.7475450546875 0.5823483328125 0.7536626421875 0.5817757484375 0.8574710812499999
0 0.71315384375 0.9863157796875001 0.7145095984375 0.9637051921875001 0.7251098578125 0.9473007953125 0.7259682796875 0.9315776140625 0.7361598093749999 0.9093281140625 0.7367457453124999 0.8897081984374999 0.733434946875 0.87036076875 0.7257777203125 0.872854109375 0.724142803125 0.8494737015625 0.7293543296875 0.8540040109374999 0.7340208828125 0.850740853125 0.734457225 0.744984046875 0.7200011953125001 0.7342475453125 0.71786226875 0.6756602828125 0.7126507421875 0.6711299734375 0.7061720640625 0.6764777421875 0.7059948578124999 0.701942759375 0.7016007906249999 0.709102653125 0.69158646875 0.705887134375 0.6886434359375 0.7197981921875 0.6594179265625 0.7218418375 0.6442397171875001 0.728776884375 0.638033525 0.7380213890625 0.639757046875 0.7486692875000001 0.666277721875 0.8339410781250001 0.67384634375 0.8441802484375 0.6849439359375 0.82088844375 0.692451565625 0.7322582140625 0.7029632218749999 0.7285863265625 0.70899220625 0.744806840625 0.720954896875 0.747886115625 0.7225078859375 0.82609329375 0.70864446875 0.8378311374999999 0.7021181515625 0.8284980296875 0.6973153546875 0.8298128218749999 0.691020559375 0.851789834375 0.690843353125 0.8772548515624999 0.688261409375 0.882330134375 0.6840921890625 0.8787058859375 0.6799706078125001 0.8897625140625 0.6840579015625 0.9482135328125001 0.6903117328125 0.9536499062500001 0.7023697015625 0.9860909343750001 0.71315384375 0.9863157796875001
0 0.7326793875 0.6775610109375 0.7370734546875 0.6704011171875 0.724831603125 0.6213308453125 0.7203012921874999 0.6265423718750001 0.7207576609374999 0.64706835 0.723434884375 0.6713548203124999 0.7326793875 0.6775610109375
0 0.594148075 0.58641650625 0.5941547515625001 0.6285107671875 0.60235695 0.633810896875 0.6149941796875 0.6045377484375 0.6133592625000001 0.581157340625 0.6037060296875 0.569106046875 0.5970911078125 0.5725054484375 0.594148075 0.58641650625
0 0.4836365890625 0 0.48512992656250004 0.021355704687499998 0.496145590625 0.052890671874999996 0.5035779703125 0.0611814734375 0.5239677046875 0.058776737499999995 0.5320269843750001 0.0200342375 0.542225190625 0.039879 0.5436419375 0.1161378109375 0.5393841125 0.125246071875 0.5256092984375 0.12425140625 0.5230273546875 0.1293266890625 0.5190486937500001 0.1844259453125 0.5138848078125 0.1945765109375 0.514702265625 0.2062667140625 0.5328778234375 0.2421957484375 0.5350577125 0.273369625 0.5424900921875 0.2816604265625 0.5544527828125 0.28473970312499997 0.5606589734375 0.2754951984375 0.558656290625 0.2188563046875 0.5705237015625 0.19257382812499999 0.5810353562499999 0.18890194062500001 0.5934067765625 0.1978263171875 0.5979370859375 0.1926147921875 0.595212225 0.15364744531250002 0.577445396875 0.12356351406249999 0.5708647625000001 0.057455270312499994 0.556449696875 0.0193053828125 0.556707015625 0 0.4836365890625 0
0 0.6225093937499999 0.2780228265625 0.6290357125 0.2873559328125 0.633702265625 0.284092775 0.6257658765625 0.24059511875 0.6192872 0.24594288749999998 0.6225093937499999 0.2780228265625
0 0 0.2856322109375 0.0027484734375 0.286118634375 0.028029607812500003 0.269666596875 0.034774095312499996 0.22612130156250002 0.048453631250000004 0.1977542140625 0.0595921859375 0.147049025 0.056233748437499995 0.11302071875 0.036974921875 0.103599009375 0.03167479375 0.1118012078125 0.02374508125 0.1103978125 0 0.20115184375 0 0.2856322109375
0 1 0.482539609375 0.9946811078125 0.40647590781250004 0.9832908203124999 0.355583984375 0.9793397703125001 0.2990813328125 0.9709536890624999 0.277151959375 0.9640253171875001 0.30406801250000004 0.9614090875000001 0.3786509421875 0.9513538 0.4028488078125 0.95267526875 0.449745865625 0.9458354999999999 0.46392940937500005 0.9469254453125 0.479516346875 0.96518960625 0.502712871875 0.9923305046875001 0.4988571015625 0.9984480937500001 0.5023451062500001 1 0.49939660156250004 1 0.482539609375
0 0.9147292921875 0.607072959375 0.92424628125 0.617175884375 0.9316243453125 0.5686915499999999 0.939056725 0.5769823515625 0.9458078890625 0.5755313171875 0.9502429203125 0.5409580390625 0.9442958625 0.4699107546875 0.9321426140625 0.4081079734375 0.9294996796874999 0.3143138578125 0.9208411109375 0.28848775 0.9159973515625 0.3172159265625 0.9194034296875 0.3659251078125 0.9079447484375001 0.3980526875 0.9162965421875 0.48948970625 0.9089118015625001 0.49587978125000004 0.9068815062500001 0.55084279375 0.9147292921875 0.607072959375
0 0.8502426125 0.5528454765624999 0.8520137734375 0.5781742515625 0.8595823953125 0.5884134203125 0.8660610734375 0.5830656515625 0.8648348859375 0.5655303453125 0.8739431453125001 0.5697881703125 0.8784734562500001 0.5645766437499999 0.8778332046875 0.5274214234375 0.8876226812500001 0.5414210828125 0.892289234375 0.5381579249999999 0.8874254453124999 0.4406033171875 0.8953075187499999 0.4273258359375 0.89485115 0.40679985781249994 0.8896396234375 0.40226954687500005 0.8762735390625 0.40711998437499997 0.873704946875 0.4963837890625 0.8648691734374999 0.4960227 0.856353525 0.5142392203124999 0.8492345953125 0.48243176875 0.8441593125000001 0.47984982499999995 0.8417136125000001 0.486873475 0.8414954421875 0.5397518781249999 0.8502426125 0.5528454765624999
0 0.8642199343750001 0 0.8657494390625 0.046624396875 0.8729093328124999 0.051018464062500005 0.880294071875 0.0446283890625 0.884238446875 0.0590367796875 0.8904646656249999 0.176075059375 0.8962211640625 0.1883988390625 0.9043757234375001 0.1790180921875 0.9047368125 0.17018231718750002 0.8985582328125 0.06782491406249999 0.8890345671875 0.0156277265625 0.8807382765625 0 0.8642199343750001 0
0 0.8600873124999999 0.34364132187499996 0.863391434375 0.32089449062500003 0.879564309375 0.30018462968750004 0.8803750921875 0.26978057187500004 0.8778750765625001 0.220029084375 0.8659533500000001 0.1895364234375 0.8643184328125001 0.166156015625 0.8662944109374999 0.05441786562499999 0.85913451875 0.0500237984375 0.8502577796875 0.07707609374999999 0.8460066312500001 0.128278615625 0.857028971875 0.20190784218750002 0.8485266749999999 0.3043128859375 0.84988910625 0.32379655937499996 0.8600873124999999 0.34364132187499996
0 0.8613611390625 0.375857503125 0.8536562734375 0.3636699671875 0.851305853125 0.4000553703125 0.856926109375 0.4104307828125 0.8619537515625 0.39833184843749997 0.8613611390625 0.375857503125
0 0.8259160874999999 0.30295713125 0.8185789874999999 0.32402808125 0.8235247031249999 0.36675591875 0.828872471875 0.373234596875 0.8478997749999999 0.3513461875 0.8482608656249999 0.3425104140625 0.8457198859374999 0.3201723109375 0.834165925 0.3229381375 0.8259160874999999 0.30295713125
0 1 0.73436860625 0.9823629140625 0.7903014109375001 1 0.937193828125 1 0.73436860625
0 0.875870578125 0.723348096875 0.8630494656250001 0.7359920015625 0.8782000625 0.8406588625 0.8832753453125 0.8432408062500001 0.88780565625 0.8380292796875001 0.8894405734375 0.8614096874999999 0.8815108609375001 0.8600062921875 0.8809249250000001 0.8796262078125 0.8842357234374999 0.8989736374999999 0.8974246015625 0.9195882203125001 0.9004629124999999 0.9350389140625 0.9132430625 0.94980839375 0.9177324078125 0.9720102531249999 0.92838030625 0.9702867328125 0.9358060109374999 0.9364832734374999 0.9412423828125001 0.9302294421875 0.9371550890625 0.8717784234374999 0.931534834375 0.8614030109374999 0.9279105859375001 0.86557223125 0.9246474265625 0.8609056781250001 0.9209279 0.835713146875 0.9116357562499999 0.8148260796875 0.906696715625 0.814192503125 0.9015328296874999 0.82434306875 0.8861707390625 0.814648871875 0.8768242796875001 0.7369866671875 0.8882419968749999 0.7322724734375 0.8919548484375 0.71537074375 0.9028752328125 0.7175439578125 0.9226447437499999 0.804266784375 0.936875928125 0.8257874281250001 0.9429458765625001 0.81459455625 0.9573409140625 0.726461659375 0.9575657609375 0.71567751875 0.95013338125 0.707386715625 0.9341377124999999 0.702631559375 0.9049122046875 0.70467520625 0.9000617671875 0.691309121875 0.8905924171875 0.695887071875 0.8852446484375 0.68940839375 0.8815251203125 0.6642158625000001 0.8743652265625 0.6598217953125001 0.8698349171875 0.6650333203125001 0.875870578125 0.723348096875
0 0.863717328125 0.661545315625 0.8629884734375001 0.637122603125 0.8605837375000001 0.6167328671875 0.8553722109375 0.6122025578125 0.8500787578125 0.6624990171875 0.8554265265625001 0.6689776953125001 0.863717328125 0.661545315625
0 0.9601686390624999 0.556906065625 0.9618035562499999 0.5802864734375001 0.9783918359375001 0.6075159765625 0.9857765765625001 0.6011259015625 0.9799247984375 0.5594403703124999 0.9750743625 0.546074284375 0.9680507125 0.5436285843750001 0.9601686390624999 0.556906065625
0 0.9366625171875 0 0.92936434375 0.0323865375 0.9320482421875 0.0987672671875 0.9186411937500001 0.1310310890625 0.9213660562499999 0.169998434375 0.9265775812499999 0.1745287453125 0.9375865703124999 0.16396945000000002 0.9485069546875 0.1661426640625 0.9639166859375001 0.1905177375 0.9698161046875 0.2468841453125 0.9772484828125 0.25517494687500003 0.98390881875 0.2524250015625 0.9728666390624999 0.09451447187499999 0.9699732828125001 0.09513634374999999 0.9644892703125001 0.0867092984375 0.9552790546875001 0.0109954609375 0.959107775 0 0.9366625171875 0
0 0.9076455578125 0.2257789078125 0.9004856640625001 0.2213848390625 0.898680215625 0.26556371093750003 0.9037554984374999 0.26814565468749996 0.9089193859375 0.2579950890625 0.9076455578125 0.2257789078125