0 0.64296875 0.59765625 0.3125 0.4328125
0 0.39375 0.3140625 0.1203125 0.225
0 0.47421875 0.20234375 0.159375 0.271875
0 0.23671875 0.11171875 0.0953125 0.1421875
0 0.19140625 0.31328125 0.034375 0.0671875
0 0.37734375 0.56484375 0.146875 0.315625
0 0.28203125 0.57421875 0.040625 0.0890625
0 0.30078125 0.7265625 0.0609375 0.1734375
0 0.25546875 0.5765625 0.05 0.134375
0 0.2484375 0.4484375 0.009375 0.01875
0 0.89921875 0.5421875 0.2015625 0.421875
0 0.01875 0.3921875 0.0375 0.21875
0 0.92109375 0.121875 0.0734375 0.24375
0 0.046875 0.14765625 0.09375 0.1421875
0 0.1640625 0.31875 0.034375 0.0671875
0 0.0859375 0.621875 0.146875 0.315625
0 0.17734375 0.59453125 0.040625 0.0890625
0 0.21796875 0.74296875 0.0609375 0.1734375
0 0.203125 0.58671875 0.05 0.134375
0 0.1625 0.465625 0.009375 0.01875