0 0.62734375 0.3828125 0.4015625 0.25625
0 0.29453125 0.56171875 0.2171875 0.0890625
0 0.2046875 0.45859375 0.2578125 0.121875
0 0.06484375 0.66953125 0.1296875 0.0765625
0 0.2484375 0.75859375 0.0640625 0.0234375
0 0.5359375 0.634375 0.30625 0.1015625
0 0.5234375 0.72890625 0.0875 0.028125
0 0.67578125 0.7453125 0.1734375 0.034375
0 0.51953125 0.75546875 0.134375 0.0296875
0 0.39296875 0.73359375 0.0171875 0.00625
0 0.6375 0.09609375 0.4 0.1921875
0 0.28125 0.96953125 0.215625 0.0546875
0 0.22109375 0.009375 0.2546875 0.01875
0 0.0609375 0.86171875 0.121875 0.0765625
0 0.24765625 0.78671875 0.0640625 0.0234375
0 0.52578125 0.93046875 0.30625 0.1015625
0 0.51953125 0.83515625 0.0875 0.028125
0 0.67265625 0.8296875 0.1734375 0.034375
0 0.5171875 0.80859375 0.134375 0.0296875
0 0.390625 0.82109375 0.0171875 0.00625