0 0.6745129875 0.49310065 0.66801948125 0.51176948125 0.6436688312500001 0.521509740625 0.634740259375 0.5418019484375 0.6737012984375 0.5580357140625 0.7053571421875 0.5450487015625 0.7378246749999999 0.5466720781250001 0.7329545453125 0.5612824671875 0.7061688312500001 0.5629058437500001 0.7240259734375 0.5896915578125 0.8035714281249999 0.6205357140625 0.8327922078125001 0.6521915578125 0.85551948125 0.6830357140625 0.8912337656249999 0.6806006499999999 0.91314935 0.665990259375 0.9659090906250001 0.6789772734375 0.97564935 0.665990259375 0.9886363640625 0.6335227265625 0.9853896109375 0.609983765625 0.9456168828125 0.60024350625 0.97564935 0.584009740625 0.9862012984374999 0.5669642859375 0.9464285718750001 0.5206980515625 0.9034090906250001 0.48904220781249996 0.86850649375 0.48254870156249996 0.8400974031249999 0.496347403125 0.8295454546875 0.48823051875 0.81899350625 0.47280844218749996 0.7816558437500001 0.46793831093750005 0.7784090906250001 0.477678571875 0.7280844156249999 0.47443181875 0.6931818187500001 0.47930194843749996 0.6745129875 0.49310065
0 0.6359375 0.6015625 0.090625 0.0640625
0 0.534375 0.55625 0.040625 0.021875
0 0.6015625 0.55 0.0734375 0.03125
0 0.5921875 0.5140625 0.0578125 0.0296875
0 0.53125 0.515625 0.034375 0.015625
0 0.546875 0.49375 0.0421875 0.0125
0 0.3328125 0.6078125 0.046875 0.04375
0 0.409375 0.559375 0.040625 0.0328125
0 0.4640625 0.5609375 0.0453125 0.0234375
0 0.5015625 0.584375 0.0421875 0.01875
0 0.46875 0.6359375 0.04375 0.0203125
0 0.5609375 0.74375 0.059375 0.0625
0 0.3375 0.74375 0.1046875 0.071875
0 0.9820844718749999 1 0.9862012984374999 0.9952110390625 0.97564935 0.978165584375 0.9456168828125 0.9619318187499999 0.9853896109375 0.9521915578125 0.9886363640625 0.928652596875 0.97564935 0.896185065625 0.9659090906250001 0.8831980515625 0.91314935 0.896185065625 0.8912337656249999 0.8815746750000001 0.85551948125 0.8791396109375 0.8327922078125001 0.9099837656249999 0.8035714281249999 0.9416396109375 0.7240259734375 0.9724837656249999 0.7061688312500001 0.99926948125 0.718222390625 1 0.9820844718749999 1
0 0.6359375 0.959375 0.090625 0.0640625
0 0.534375 0.996875 0.040625 0.00625
0 0.3328125 0.953125 0.046875 0.04375
0 0.409375 0.9921875 0.040625 0.015625
0 0.46328125 0.99375 0.0453125 0.0125
0 0.5015625 0.9765625 0.0421875 0.01875
0 0.46875 0.925 0.04375 0.0203125
0 0.5609375 0.8171875 0.059375 0.0625
0 0.3375 0.8171875 0.1046875 0.071875