0 0.1993213140625 0.2363932828125 0.16407880156250002 0.23011594687499998 0.13927962968750002 0.23899048750000002 0.09122892187500001 0.21362550625 0.07863614687500001 0.22387036875000002 0.0581802953125 0.252231634375 0.055636015625 0.275856846875 0.0918709421875 0.2949296734375 0.058803264062500006 0.303415715625 0.044441084375 0.3174021 0.0718395765625 0.3719159234375 0.105922953125 0.41303880625 0.1382178734375 0.42778313125 0.1691213 0.42126709062499995 0.1773961578125 0.431695615625 0.18390373124999998 0.4492123390625 0.21895411406249998 0.46297060468750006 0.22446080624999998 0.45430513125000005 0.27250516406249997 0.46963008281249996 0.30754919531249997 0.47334831875 0.329001690625 0.46447589687499996 0.3398187109375 0.44793253125000004 0.365802425 0.44437255468750003 0.37937490937499996 0.4268431296875 0.3454984828125 0.40166604687499996 0.311641109375 0.40660904843749995 0.28053073125 0.39717928593749996 0.2887907703125 0.384181078125 0.315173565625 0.3890859734375 0.3043269078125 0.3587758765625 0.23460616875 0.3096041359375 0.21391161250000001 0.27181945937499996 0.1993213140625 0.2363932828125
0 0.39296875 0.36875 0.103125 0.084375
0 0.48046875 0.43671875 0.0453125 0.03125
0 0.41328125 0.4265625 0.078125 0.0484375
0 0.4140625 0.4640625 0.0625 0.0421875
0 0.4734375 0.47734375 0.0375 0.0234375
0 0.453125 0.49453125 0.04375 0.021875
0 0.68828125 0.4359375 0.05625 0.053125
0 0.60234375 0.4640625 0.046875 0.0421875
0 0.55 0.44921875 0.05 0.034375
0 0.51875 0.41796875 0.0453125 0.028125
0 0.56328125 0.37578125 0.046875 0.0296875
0 0.5 0.2484375 0.0734375 0.075
0 0.71640625 0.303125 0.11875 0.0953125
0 0.478125 0.03125 0.103125 0.0625
0 0.58671875 0.009375 0.040625 0.015625
0 0.771875 0.10078125 0.05625 0.053125
0 0.70703125 0.04453125 0.04375 0.025
0 0.6546875 0.0296875 0.046875 0.0234375
0 0.6140625 0.0375 0.0453125 0.028125
0 0.6328125 0.0953125 0.046875 0.0296875
0 0.51796875 0.17734375 0.0734375 0.075
0 0.734375 0.23125 0.11875 0.0953125