0 0 0.5565418531249999 0.005771003125 0.56958335625 0.06009995781250001 0.5687975578125 0.0781672234375 0.58796341875 0.11241838281250001 0.5983700390625 0.1415015828125 0.573428940625 0.1770944515625 0.549157678125 0.2615395875 0.536997890625 0.2849645265625 0.514915675 0.259230509375 0.50730843125 0.2577718234375 0.49197696406249997 0.2897723953125 0.49769880000000005 0.317695459375 0.517473971875 0.3593097328125 0.510420603125 0.355174753125 0.48863999218750004 0.333639290625 0.4736716703125 0.331511784375 0.45402060000000005 0.31642546718750003 0.43637598437499997 0.2835129625 0.42377929999999997 0.2337477453125 0.41562225 0.23277528749999998 0.4054012703125 0.195299046875 0.401747434375 0.18154833125 0.414400571875 0.1694409265625 0.41993574999999994 0.14486399218749998 0.40010005312499997 0.10939522500000001 0.3985757546875 0.060357315625 0.419742984375 0.011196321875 0.45587650156250004 0.017643432812500002 0.47485875312500003 0.0432543671875 0.497432284375 0.0023099296875 0.497975984375 0 0.5040399140625 0 0.5565418531249999
0 0.34453125 0.56875 0.103125 0.0828125
0 0.45390625 0.546875 0.04375 0.0296875
0 0.38984375 0.52578125 0.078125 0.046875
0 0.40703125 0.49296875 0.0625 0.0421875
0 0.46640625 0.5078125 0.0375 0.0234375
0 0.45546875 0.48359375 0.04375 0.021875
0 0.63828125 0.64296875 0.05625 0.053125
0 0.575 0.578125 0.046875 0.040625
0 0.52109375 0.5671875 0.05 0.0328125
0 0.4796875 0.58203125 0.0453125 0.028125
0 0.5 0.63984375 0.046875 0.0296875
0 0.3859375 0.7234375 0.071875 0.075
0 0.603125 0.77421875 0.11875 0.09375
0 0 0.8977179578125 0.1748951078125 0.9380956749999999 0.18680406562500002 0.940095340625 0.1754300765625 0.9099791578125 0.1048617921875 0.862031703125 0.0835109546875 0.82461395 0.0683046046875 0.7894478046875 0.0329579046875 0.7837864921875 0.0083173921875 0.7930924859374999 0 0.788885846875 0 0.8977179578125
0 0.2640625 0.9171875 0.103125 0.0828125
0 0.3546875 0.9765625 0.040625 0.015625
0 0.5609375 0.97578125 0.05625 0.0484375
0 0.4765625 0.99375 0.04375 0.0125
0 0.425 0.9890625 0.046875 0.021875
0 0.39140625 0.9640625 0.0453125 0.028125
0 0.43515625 0.92109375 0.046875 0.0296875
0 0.36953125 0.7953125 0.071875 0.075
0 0.58671875 0.8453125 0.11875 0.09375