0 0.1296875 0.2875 0.09375 0.025
0 0.18125 0.303125 0.0828125 0.0109375
0 0.18125 0.31875 0.06875 0.01875
0 0.278125 0.334375 0.0953125 0.021875
0 0.3 0.3609375 0.1421875 0.0203125
0 0.3859375 0.409375 0.1703125 0.034375
0 0.5734375 0.490625 0.3328125 0.1078125
0 0.8408333328125 0.575 0.7775000000000001 0.575 0.7208333328125 0.5758333328125 0.6508333328125 0.5725 0.6475 0.5725 0.6191666671875 0.5766666671875 0.6341666671875 0.5958333328125 0.7983333328125 0.7075 0.95 0.7566666671875 0.9916666671875 0.7616666671875 0.9916666671875 0.6191666671875 0.8858333328124999 0.5683333328125 0.8408333328125 0.575
0 0.1296875 0.1125 0.09375 0.025
0 0.18125 0.096875 0.0828125 0.0109375
0 0.18125 0.08125 0.06875 0.01875
0 0.278125 0.065625 0.0953125 0.021875
0 0.3 0.0390625 0.1421875 0.0203125
0 0.38515625 0.00390625 0.1703125 0.0078125
0 0.9517622953125 1 0.9916666671875 0.9808333328125001 0.9916666671875 0.8383333328125 0.95 0.8433333328125 0.7983333328125 0.8925000000000001 0.6402922890625 1 0.9517622953125 1