0 0.4154936625 0.25824772500000004 0.43784492343750003 0.263566753125 0.47570911093749996 0.1890786921875 0.48290378437500003 0.13201425625000002 0.4580986453125 0.089191715625 0.4211162640625 0.0839518328125 0.41702417656249996 0.125054853125 0.4301974234375 0.167565146875 0.41867322500000004 0.2218392421875 0.4154936625 0.25824772500000004
0 0.6167254859375 0.180437353125 0.6377464484375001 0.18257465 0.639125175 0.125354090625 0.646031815625 0.049720404687500004 0.6428742984375 0.0208495578125 0.57000456875 0.004736353125 0.5171464203125 0.11625955624999999 0.5132104562500001 0.151546628125 0.5037729578125 0.21012386875 0.5244289109375 0.2141389796875 0.5475607874999999 0.1903782734375 0.568709321875 0.1467444 0.582168434375 0.1727457609375 0.6167254859375 0.180437353125
0 0.4987862625 0.5942739234375 0.48941554531250003 0.6322460609375 0.495917040625 0.7011589796875 0.490115875 0.7617114593750001 0.4933441140625 0.8628178578125001 0.5133382484375 0.8060190515625001 0.5188700578125001 0.6956721890625001 0.5385678984375 0.5840995609374999 0.5476736843750001 0.567962415625 0.56144010625 0.5636744546875 0.562558128125 0.5579227328125 0.5470585890625 0.5250647109375 0.5276212515625 0.5431729671875 0.51225639375 0.5352121390625 0.5109811828125 0.5827166078125 0.4987862625 0.5942739234375
0 0.73978173125 1 0.7504159687499999 0.9426327796875 0.6874883406250001 0.8518084874999999 0.661149896875 0.7979416265625 0.6327908984375 0.7954137171875 0.6187326093750001 0.8165572359375 0.608513228125 0.9100754796875 0.619329621875 0.9977342578125 0.6211489593749999 1 0.73978173125 1
0 0.56545815625 1 0.555979875 0.97049770625 0.5368074703125 0.96677096875 0.53600825 0.960646575 0.524931353125 0.966452165625 0.5176689859375 0.9757663234375 0.5124533171875 0.9825475578124999 0.52299018125 0.9884932453124999 0.515480765625 1 0.56545815625 1
0 0.7877102875 0.755888159375 0.80450754375 0.6745917703125001 0.8048263453125 0.6627156546874999 0.7692249296875 0.6667386843750001 0.7512288421875 0.7388484796875 0.7555168046875 0.7526149015625 0.7819855 0.7597495765625 0.7877102875 0.755888159375
0 0.5616198031249999 0.45527176718750006 0.5522490875 0.4932439046875 0.5591996375 0.50354851875 0.57371140625 0.49542607656250004 0.5819371671875 0.45822622187500006 0.5779949421875 0.4375631203125 0.5616198031249999 0.45527176718750006
0 0.47084938125000003 0.528158271875 0.486425303125 0.5043252296875 0.5035952328125 0.4211116 0.5022886609375 0.392007253125 0.4860168390625 0.358004275 0.4608277796875 0.3749945109375 0.45313188281250005 0.36852437656250003 0.44062258749999994 0.46358718750000005 0.44453787499999997 0.47927084999999997 0.4568136015625 0.48265185 0.46198159062500005 0.5174809828125 0.47084938125000003 0.528158271875
0 0.4729957640625 0.35845775625 0.489793021875 0.27716136874999997 0.4857969265625 0.24653939062500002 0.45701138124999996 0.2359698453125 0.44609609843750003 0.27165206875000003 0.4462577109375 0.30152869843749996 0.46306382343749997 0.3634910671875 0.4729957640625 0.35845775625
0 0.6112750828125 0.35847583906249997 0.63010175 0.36909925625 0.6144494500000001 0.44962336093750005 0.622253090625 0.4760112484375 0.6459783890625 0.4716694140625 0.6503966046875 0.43870365156249996 0.6643740859375 0.40262181718749995 0.6574191078125 0.320687825 0.6708892375 0.261626040625 0.664230553125 0.2344658703125 0.65419086875 0.219581428125 0.6465219062500001 0.2180907328125 0.6346996609375 0.2277308046875 0.6258857421874999 0.22701239375 0.599102671875 0.3033832140625 0.574075228125 0.3502500796875 0.560254934375 0.3445791640625 0.5513063359375 0.3189635609375 0.54137439375 0.3239968703125 0.5361030890625 0.3408793625 0.5423621640625 0.36497733593750004 0.5473685374999999 0.3699298375 0.5565281953125 0.3637515703125 0.567394034375 0.3897398484375 0.583531178125 0.398845634375 0.5980429484374999 0.390723190625 0.6112750828125 0.35847583906249997
0 0.8793407515625 1 0.8980196749999999 0.96634983125 0.9235769812499999 0.875812978125 0.9184628625 0.850942721875 0.8912218859375001 0.8426630906250001 0.846622425 0.8827410203125 0.754253565625 0.943378734375 0.7427356796875 1 0.8793407515625 1
0 0.8298388250000001 0.7541287125 0.8401659484374999 0.6805282218750001 0.8086639437500001 0.663461609375 0.8045106609375001 0.6745923765625 0.7896306421875 0.7562614390625 0.793492059375 0.761986225 0.8207061015624999 0.7652864171875 0.8298388250000001 0.7541287125