0 0.6655297296875 0.6954108296875 0.6427568609375001 0.6984550640625 0.6341017296875 0.7815649703124999 0.6478349890625 0.8374175515625 0.6863388078125 0.8685064703125001 0.7227426390625 0.8601450234374999 0.711832928125 0.8203055750000001 0.684300315625 0.785339665625 0.6756089859375 0.7305405296874999 0.6655297296875 0.6954108296875
0 0.50554838125 0.8401681046875 0.485157684375 0.84570600625 0.504376546875 0.8996200921874999 0.5250333296874999 0.9727053390625 0.5383275125 0.99852704375 0.6121317234375 0.9874558390624999 0.6215127125000001 0.8643972953124999 0.612541496875 0.83004345 0.6003599562499999 0.7719747890625 0.5796370750000001 0.7756287921875 0.5665566828124999 0.8061010453125 0.56244980625 0.8544157328124999 0.5405665890625 0.8349646843749999 0.50554838125 0.8401681046875
0 0.46734836875 0.411552746875 0.46248868906249996 0.3727445375 0.431722840625 0.31073871249999996 0.41543862656249997 0.25212914999999997 0.3761915125 0.15889509375 0.3778802515625 0.219086603125 0.4122606421875 0.32408669843750004 0.43385517812499996 0.4353077953125 0.43113722968749996 0.45363633906249995 0.4198218359375 0.462572940625 0.42083930468749997 0.4683432984375 0.4470846328125 0.49346436562499996 0.45874153125 0.469593134375 0.47593876875 0.471518934375 0.4601052015625 0.42671269843750004 0.46734836875 0.411552746875
0 0.10759115156250001 0.1765077578125 0.19888767031250001 0.23874829375 0.2427808796875 0.2795984875 0.2701622078125 0.27179553749999996 0.2757095921875 0.2470183234375 0.251736265625 0.156049221875 0.2102241953125 0.0780889515625 0.1814885859375 0.0613400078125 0.1744754375 0.0496854578125 0.0871279203125 0.066078809375 0.10759115156250001 0.1765077578125
0 0.27912698593749996 0.08081394374999999 0.2983615109375 0.077422378125 0.30130243437500004 0.0828535765625 0.30956307031249997 0.0734639859375 0.313005178125 0.062165871875 0.3154442484375 0.053965914062499995 0.30347649374999996 0.052191210937499996 0.3091171234375 0.0259444953125 0.249490090625 0.03645835 0.251185875 0.0460756125 0.27912698593749996 0.08081394374999999
0 0.1396971921875 0.36421396875 0.1531496234375 0.446130284375 0.1571080140625 0.4573318421875 0.188903075 0.44081761249999996 0.1798620296875 0.3670481 0.170925428125 0.35573270468749996 0.14365793437500002 0.3585574453125 0.1396971921875 0.36421396875
0 0.45850212343749996 0.5638399656249999 0.4536424421875 0.52503175625 0.44346070156249995 0.517902425 0.4328236203125 0.5306859312500001 0.43847544843749997 0.5683628359374999 0.449560825 0.5862407359375 0.45850212343749996 0.5638399656249999
0 0.5171234250000001 0.46326534218750004 0.511123046875 0.4910973140625 0.524914634375 0.57493708125 0.5365644890625 0.601640096875 0.563941121875 0.6275533125 0.581368378125 0.6026646109375 0.59087180625 0.6059470375 0.568482775 0.512715328125 0.5592070171875 0.49947648125 0.546534996875 0.500719271875 0.52922861875 0.4700555171875 0.5171234250000001 0.46326534218750004
0 0.5759348296875 0.622463615625 0.5893872578125 0.70437993125 0.6040918703125 0.7315359375 0.634753278125 0.7310876421875 0.6321562078125 0.693863728125 0.621298503125 0.6660294078125 0.5834033187500001 0.6142053265625 0.5759348296875 0.622463615625
0 0.44683348437500003 0.672001609375 0.425450184375 0.66883066875 0.41120560624999997 0.5880456578125 0.3944637078125 0.56620701875 0.37387020625 0.57876285625 0.381559321875 0.61112239375 0.381440790625 0.6498167687499999 0.4172963375 0.7238163 0.42588674062500004 0.7837824890625 0.4418364921875 0.8067524328125 0.45654345156250004 0.81705035625 0.4642372625 0.8156937296875 0.4718195859375 0.8024572328125 0.4803055453125 0.7999693015625 0.477940840625 0.719072803125 0.48451038906250005 0.6663497828125 0.49944501875 0.6666912875000001 0.5169790671875 0.687398621875 0.52444755625 0.6791403328125 0.5233185984375 0.661490103125 0.5088393078125 0.641235759375 0.5023906375 0.6384063234374999 0.49605345312500004 0.6474567609374999 0.476595953125 0.62708858125 0.458267409375 0.6243706328124999 0.447630328125 0.6371541406250001 0.44683348437500003 0.672001609375
0 0 0.321154090625 0.0119634359375 0.3202978296875 0.039237973437500004 0.26689884375 0.1037411203125 0.177186621875 0.0852013421875 0.0664185171875 0 0.080478290625 0 0.321154090625
0 0.10099734375 0.380954071875 0.1177322 0.4533669578125 0.1532579828125 0.45801070624999995 0.1531464953125 0.44613083593749997 0.1377706140625 0.36455367656250004 0.13211409062499999 0.3605929359375 0.10552491093750001 0.36726458125 0.10099734375 0.380954071875