0 0.7575322812499999 0.3670918515625 0.7211860359375 0.3709177734375 0.7202295546874999 0.393873296875 0.8005738875 0.4168288203125 0.857962696875 0.41300290000000006 0.8952654234375 0.380482575 0.8933524640625 0.3431798484375 0.8522238156249999 0.34700576875 0.8130081296875 0.3680483328125 0.7575322812499999 0.3670918515625
0 0.969870875 0.5574314031250001 0.9976088000000001 0.54882308125 0.9995217593750001 0.474217628125 0.8799617421875 0.44361026406250004 0.844571975 0.4464797046875 0.7852702046875 0.44839266406249995 0.7852702046875 0.46943522812499994 0.8130081296875 0.4876083515625 0.8598756562500001 0.5000425921875 0.8369201328125 0.518215715625 0.8359636531250001 0.5536054828125 0.8378766140625 0.5746480453125 0.8943089437499999 0.56508324375 0.969870875 0.5574314031250001
0 0.2021484375 0.571484375 0.3115234375 0.555859375 0.4248046875 0.55390625 0.4423828125 0.559765625 0.44921875 0.5724609375 0.455078125 0.5724609375 0.484375 0.5509765625 0.462890625 0.5353515625 0.4677734375 0.5187500015625 0.4208984375 0.5265625 0.4072265625 0.516796875 0.3681640625 0.51484375 0.3017578125 0.5343749984375 0.2412109375 0.540234375 0.142578125 0.5626953125 0.2021484375 0.571484375
0 0.11328125 0.8302734375 0.1904296875 0.751171875 0.23828125 0.7150390625 0.2353515625 0.68671875 0.2119140625 0.676953125 0.1181640625 0.684765625 0.0341796875 0.712109375 0.0126953125 0.7375000015625 0 0.7423828125 0.0009765625 0.8312500015625 0.11328125 0.8302734375
0 0 0.6662109375 0.009765625 0.6662109375 0.048828125 0.6447265625 0.048828125 0.6251953125 0.0546874984375 0.6232421875 0.046875 0.6134765625 0.0363462453125 0.6081248515625 0.0286944046875 0.6042989296875 0.024868484375 0.6157766921875 0 0.6056640625 0 0.6662109375
0 0.3134765625 0.7921875 0.30078125 0.7990234375 0.298828125 0.8263671875 0.3037109375 0.8312500015625 0.38671875 0.8322265625 0.3984374984375 0.8302734375 0.3876953125 0.79609375 0.3134765625 0.7921875
0 0.5078125015625 0.5587890625 0.5185546875 0.571484375 0.556640625 0.5724609375 0.576171875 0.5646484375 0.5556640625 0.551953125 0.5166015625 0.5500000015625 0.5078125015625 0.5587890625
0 0.4931640625 0.4875000015625 0.578125 0.4884765625 0.6064453125 0.481640625 0.63671875 0.4591796875 0.615234375 0.4376953125 0.6201171875 0.42890625 0.5244140625 0.434765625 0.509765625 0.4416015625 0.5087890625 0.454296875 0.4755859375 0.466015625 0.466796875 0.4767578125 0.4931640625 0.4875000015625
0 0.7138671875 0.403515625 0.6845703125 0.4093749984375 0.626953125 0.4376953125 0.6337890625 0.446484375 0.716796875 0.4474609375 0.74609375 0.4376953125 0.7509765625 0.407421875 0.7138671875 0.403515625
0 0.6640625015625 0.5294921875 0.6875 0.5158203125 0.6806640625 0.50703125 0.6630859375 0.505078125 0.640625 0.5158203125 0.63671875 0.5216796875 0.64453125 0.5294921875 0.62109375 0.5451171875 0.615234375 0.5626953125 0.6259765625 0.575390625 0.66015625 0.5822265625 0.6533203125 0.602734375 0.5712890625 0.602734375 0.546875 0.6154296875 0.5556640625 0.637890625 0.5888671875 0.6359375 0.626953125 0.6427734375 0.7060546875 0.6203125 0.7666015625 0.622265625 0.7919921875 0.610546875 0.8046874984375 0.5978515625 0.8046874984375 0.5900390625 0.79296875 0.5802734375 0.7919921875 0.571484375 0.7119140625 0.559765625 0.6611328125 0.544140625 0.6640625015625 0.5294921875
0 0.0009765625 0.8332063 0 0.9220734890625 0.0126953125 0.9269563 0.0341796875 0.9523469265625 0.1181640625 0.979690675 0.2119140625 0.9875031765625 0.2353515625 0.97773755 0.23828125 0.9494172375 0.1904296875 0.913284425 0.11328125 0.8341828625 0.0009765625 0.8332063
0 0.3037109375 0.8332063 0.298828125 0.8380891125 0.30078125 0.8654328625 0.3134765625 0.8722688015625 0.3876953125 0.86836255 0.3984374984375 0.8341828625 0.38671875 0.8322297390625 0.3037109375 0.8332063