0 0.82421875 0.653125 0.2078125 0.1578125
0 0.9171875 0.571875 0.1453125 0.0859375
0 0.63828125 0.5859375 0.0546875 0.053125
0 0.2078125 0.6203125 0.1796875 0.1109375
0 0.040625 0.5984375 0.08125 0.059375
0 0.04296875 0.67578125 0.0859375 0.1171875
0 0.25 0.35390625 0.0890625 0.053125
0 0.109375 0.34921875 0.075 0.040625
0 0.12109375 0.4875 0.228125 0.115625
0 0.36328125 0.50625 0.0890625 0.06875
0 0.4734375 0.45625 0.0359375 0.0296875
0 0.5046875 0.359375 0.0671875 0.0375
0 0.1375 0.90546875 0.171875 0.0765625
0 0.0296875 0.78046875 0.059375 0.1171875