0 0.427890109375 0.537248103125 0.40491843281250006 0.529768084375 0.34660365625 0.5237324234375 0.342570678125 0.5254083046875 0.33735915312500003 0.5299386140625 0.3368141796875 0.537732084375 0.3180526875 0.5540412015625 0.3147418890625 0.5733886312500001 0.3037738640625 0.5902427203125 0.314823815625 0.6282154015625 0.3193541265625 0.6334269265625 0.32610529062500004 0.6348779609374999 0.34259829062499997 0.6370102125 0.372368771875 0.6312603890624999 0.38202200468749997 0.6192090953125 0.3923088140625 0.6120968421875 0.39715924999999996 0.5987307578125 0.4366306046875 0.5662487656249999 0.4396689171875 0.5507980703124999 0.4379930359375 0.5467650921875 0.427890109375 0.537248103125
0 0.2838404984375 0.56731200625 0.2850666859375 0.5497767015624999 0.262728584375 0.547235721875 0.24283618125 0.5517183921875 0.231370825 0.561685075 0.24251605625 0.570296003125 0.278628971875 0.5718423171875 0.2838404984375 0.56731200625
0 0.5154713578125001 0.5727407953125 0.5018327874999999 0.57178709375 0.4984333859375 0.5784020140624999 0.501151571875 0.5815289296875 0.520226515625 0.5887364625 0.5299683515625 0.589417678125 0.538395396875 0.594901690625 0.5157848078125 0.5962574453125 0.5114793453125001 0.6018300609375 0.5035496328125 0.60323345625 0.49820186250000004 0.6097121343749999 0.51025315625 0.6193653671875 0.5277884625 0.6205915546874999 0.53635175 0.6241272 0.545187525 0.6237661109375 0.548314440625 0.6210479234374999 0.5534373625 0.6037851046875 0.5480009906250001 0.5975312734375 0.5580153125 0.5943157546875 0.5584240421875 0.588470653125 0.5502694828125 0.57908990625 0.524940709375 0.5773187453124999 0.5154713578125001 0.5727407953125
0 0.570856453125 0.48067687656249997 0.59473419375 0.4891992 0.6170722953125 0.49174017968749995 0.6225563078125 0.483313134375 0.6017168796875 0.459340115625 0.5902991625 0.45462592187500006 0.5669187546875001 0.4529910046875 0.5557258843749999 0.459060953125 0.5553171546875 0.4649060546875 0.561932075 0.46830545625 0.570856453125 0.48067687656249997
0 0.4896652796875 0.43779944375 0.464472746875 0.43407991562500003 0.46302171249999996 0.4408310796875 0.48336380781250005 0.45791669218750003 0.4780160390625 0.4643953703125 0.47022257031250003 0.46385039843750003 0.4670956546875 0.46656858437500004 0.472259540625 0.47671915 0.4829074390625 0.4784426703125 0.5125416781250001 0.474641215625 0.5158048359375 0.46997466250000003 0.51308665 0.46684774687499997 0.4968661359375 0.4608187609375 0.5041622718750001 0.4544763265625 0.512091984375 0.4530729328125 0.5134067765625 0.4482701359375 0.4896652796875 0.43779944375
0 0.5141423078125 0.3817531609375 0.5234754140625 0.3882794796875 0.5292728765625 0.40336908437499996 0.553559346875 0.4060463078125 0.560310509375 0.4074973421875 0.56447973125 0.40387309374999997 0.5722731999999999 0.404418065625 0.57762096875 0.3979393875 0.5780296984375 0.3920942859375 0.560133303125 0.3820323234375 0.5210297140625 0.381255828125 0.5172692234375 0.379034975 0.5141423078125 0.3817531609375
0 0.48228053906249996 0.4314093703125 0.4899854046875 0.4192218328125 0.4853188515625 0.415958675 0.4521966078125 0.41364254218749996 0.4451729578125 0.41608824218749996 0.44775489999999996 0.421163525 0.4594451046875 0.4219809828125 0.47163264062500004 0.4296858484375 0.48228053906249996 0.4314093703125
0 0.4135493875 0.39234006875 0.451610671875 0.39402262499999996 0.45668595468750006 0.3914406828125 0.4590430515625 0.3857318234375 0.45088849218749993 0.3763510765625 0.3932072921875 0.37525445625 0.3927985625 0.3810995578125 0.39551675 0.3842264734375 0.4013618515625 0.384635203125 0.4135493875 0.39234006875
0 0.6828670906250001 0.4748041625 0.6881672203125 0.48300636093750005 0.6980453 0.481739209375 0.70828446875 0.48930783125 0.7111388984375 0.49048637968750003 0.7185712765625001 0.48219557812499997 0.6920229906250001 0.4558654625 0.6807415156250001 0.4492029015625 0.6671029453124999 0.44824919999999996 0.657994684375 0.4525070234375 0.6688674296875 0.4650146859375 0.6713131296875 0.4720383359375 0.6828670906250001 0.4748041625
0 0.3553562890625 0.8745502281249999 0.326675753125 0.8647131124999999 0.310046509375 0.86452923125 0.30315910156250003 0.8650265625 0.29794757656250004 0.8695568734375 0.28172038593750004 0.9056221515624999 0.290236034375 0.9238386703125 0.2908219703125 0.9434585875 0.3071310875 0.9622200812499999 0.306586115625 0.9700135515625 0.3111164265625 0.975225075 0.3148769171875 0.9774459296875 0.3734641796875 0.9795848546875 0.397253315625 0.9753746703124999 0.40858242968749997 0.9673563546875 0.410803284375 0.9635958640625001 0.4099448609375 0.9478726828124999 0.375378259375 0.9102134515625 0.3724352265625 0.8963023953125001 0.3632383625 0.8878277109375 0.3553562890625 0.8745502281249999
0 0.2575634828125 0.9430908234375 0.258789671875 0.925555515625 0.2542593609375 0.9203439890625 0.2182826875 0.916849309375 0.2060475109375 0.9238253203125 0.21601419531250002 0.9352906765625001 0.2350891375 0.942498209375 0.2575634828125 0.9430908234375
0 0.5245850812499999 0.932394375 0.5308389124999999 0.9269580046874999 0.528168365625 0.9091502109375 0.5254501796875 0.9060232953125 0.5167506484375 0.9044360171875001 0.50777863125 0.9067454749999999 0.49024332499999995 0.9055192859375 0.47696584375000006 0.913401359375 0.48135991093749997 0.9205612515625001 0.48901713750000003 0.9230545921875001 0.49250514218749997 0.9291721796875001 0.5147070015625 0.9336615281249999 0.505598740625 0.9379193515625 0.4958569046875 0.9372381359374999 0.475964503125 0.94172080625 0.47283758750000005 0.9444389921875 0.47528328750000004 0.9514626421875001 0.48892185781249997 0.9524163437500001 0.49893618125000005 0.9492008249999999 0.5242649546875 0.9509719859375 0.5336457015625 0.9428174281249999 0.53405443125 0.9369723249999999 0.5245850812499999 0.932394375
0 0.5861080984375 0.0245750484375 0.5963472671875001 0.032143671875 0.619727675 0.033778589062499996 0.6316903640625 0.0306993125 0.655663384375 0.009859884374999999 0.6555687671875 0.009657478125 0.6033958187499999 0.006009190625 0.593540478125 0.016284246875 0.586516828125 0.018729946875 0.5861080984375 0.0245750484375
0 0.5027456171875 0 0.49938527187500004 0.0048055375 0.5021034578125 0.007932453124999999 0.509896928125 0.008477425 0.5142909953125 0.01563731875 0.491769009375 0.0297255828125 0.4922663421875 0.036612990625 0.5177313609375 0.0364357828125 0.5426990453125 0.02937116875 0.5420654703125 0.0244321296875 0.53440824375 0.0219387890625 0.5280658093749999 0.014642653124999998 0.5449675390625 0.010929801562499999 0.5480944546875001 0.008211615625 0.5455125109375001 0.0031363328125 0.5397491546875 0.0015585828125 0.517460384375 0 0.5027456171875 0
0 0.5797523109375 0.10146743437500001 0.5988748953125 0.0939940921875 0.5992836234375 0.0881489890625 0.59488955625 0.080989096875 0.5870960875 0.0804441234375 0.5834718390625 0.076274903125 0.5765844328124999 0.0767722359375 0.5521617203125 0.07604338125 0.5443206109375 0.090179284375 0.5341700453125 0.0953431703125 0.5368882312500001 0.0984700859375 0.540921209375 0.0967942046875 0.5797523109375 0.10146743437500001
0 0.473913578125 0.04707700625 0.47065042031250004 0.051743559375000005 0.477265340625 0.0551429609375 0.510387584375 0.05745909375 0.5154628671875 0.05487715 0.5095291625 0.0417359125 0.4987450203125 0.041960759375000004 0.48560378125000003 0.047894464062499996 0.473913578125 0.04707700625
0 0.4360295015625 0.07085946562499999 0.4228882625 0.076793171875 0.4170431609375 0.0763844421875 0.41391624531250004 0.07910262812499999 0.413507515625 0.0849477296875 0.47077998593750003 0.09188945312499999 0.4801607328125 0.08373489375 0.47862109531249997 0.07775355 0.47395454218750005 0.074490390625 0.4360295015625 0.07085946562499999
0 0.7449338796875 0.015906496875000002 0.7419896796875001 0.015700617187499998 0.7413915453125 0.01585458125 0.7301986734375 0.0219245296875 0.72059308125 0.019294946875 0.71420300625 0.0266796875 0.702376559375 0.027810595312500002 0.6989771578124999 0.034425515625 0.6864694953125 0.0452982609375 0.6948965406250001 0.050782273437500004 0.7085351109375 0.051735975000000003 0.72063404375 0.046708332812499996 0.7505884093749999 0.024329265625 0.7449338796875 0.015906496875000002