0 0.5927734375 0.536328125 0.5693359375 0.5421875 0.55859375 0.5509765625 0.556640625 0.5548828125 0.55859375 0.5705078125 0.595703125 0.6056640625 0.599609375 0.6193359375 0.609375 0.6271484375 0.6181640625 0.63984375 0.6474609375 0.64765625 0.6640625 0.6466796875 0.6708984375 0.645703125 0.67578125 0.6408203125 0.689453125 0.6037109375 0.6796875 0.5861328125 0.677734375 0.5666015625 0.66015625 0.5490234375 0.66015625 0.5412109375 0.6552734375 0.536328125 0.6513671875 0.534375 0.5927734375 0.536328125
0 0.7333984375 0.563671875 0.7109375 0.5646484375 0.7109375 0.5822265625 0.7158203125 0.587109375 0.751953125 0.5880859375 0.763671875 0.5802734375 0.7529296875 0.56953125 0.7333984375 0.563671875
0 0.4931640625 0.58125 0.49609375 0.5783203125 0.4931640625 0.571484375 0.4794921875 0.571484375 0.4697265625 0.575390625 0.4443359375 0.575390625 0.435546875 0.5841796875 0.435546875 0.5900390625 0.4453125 0.5939453125 0.439453125 0.5998046875 0.443359375 0.6173828125 0.4462890625 0.6203125 0.455078125 0.6212890625 0.4638671875 0.618359375 0.4814453125 0.618359375 0.494140625 0.6095703125 0.4892578125 0.602734375 0.4814453125 0.60078125 0.4775390625 0.594921875 0.455078125 0.5919921875 0.4638671875 0.587109375 0.4736328125 0.587109375 0.4931640625 0.58125
0 0.40625 0.4826171875 0.4306640625 0.47578125 0.4404296875 0.4640625 0.447265625 0.4611328125 0.447265625 0.4552734375 0.4365234375 0.4484375 0.4130859375 0.4484375 0.4013671875 0.45234375 0.37890625 0.4748046875 0.3837890625 0.48359375 0.40625 0.4826171875
0 0.4990234375 0.454296875 0.505859375 0.4611328125 0.4892578125 0.466015625 0.486328125 0.4689453125 0.4892578125 0.473828125 0.5185546875 0.4796875 0.529296875 0.4787109375 0.53515625 0.4689453125 0.5322265625 0.466015625 0.5244140625 0.466015625 0.51953125 0.4591796875 0.541015625 0.4435546875 0.5400390625 0.43671875 0.5146484375 0.438671875 0.490234375 0.4474609375 0.4912109375 0.45234375 0.4990234375 0.454296875
0 0.4423828125 0.399609375 0.4462890625 0.403515625 0.453125 0.4025390625 0.4775390625 0.4015625 0.484375 0.3869140625 0.494140625 0.3810546875 0.4912109375 0.378125 0.4873046875 0.380078125 0.4482421875 0.378125 0.4296875 0.3869140625 0.4296875 0.3927734375 0.4345703125 0.399609375 0.4423828125 0.399609375
0 0.5576171875 0.425 0.560546875 0.4201171875 0.5537109375 0.4171875 0.5205078125 0.4171875 0.515625 0.4201171875 0.5224609375 0.4328125 0.533203125 0.4318359375 0.5458984375 0.425 0.5576171875 0.425
0 0.6064453125 0.391796875 0.6123046875 0.391796875 0.615234375 0.3888671875 0.615234375 0.3830078125 0.5576171875 0.380078125 0.548828125 0.3888671875 0.55078125 0.3947265625 0.5556640625 0.39765625 0.59375 0.3986328125 0.6064453125 0.391796875
0 0.283203125 0.4669921875 0.2900390625 0.47578125 0.29296875 0.4748046875 0.3037109375 0.46796875 0.3134765625 0.469921875 0.3193359375 0.462109375 0.3310546875 0.46015625 0.333984375 0.4533203125 0.345703125 0.4416015625 0.3369140625 0.43671875 0.3232421875 0.43671875 0.3115234375 0.442578125 0.283203125 0.4669921875
0 0.6474609375 0.8759151781250001 0.6181640625 0.8837276781250001 0.609375 0.8964229921875001 0.599609375 0.9042354921875001 0.595703125 0.9179073656250001 0.55859375 0.9530636156250001 0.556640625 0.9686886156250001 0.55859375 0.9725948656250001 0.5693359375 0.9813839281250001 0.5927734375 0.9872433031250001 0.6513671875 0.9891964281250001 0.6552734375 0.9872433031250001 0.66015625 0.9823604921875001 0.66015625 0.9745479921875001 0.677734375 0.9569698656250001 0.6796875 0.9374386156250001 0.689453125 0.9198604921875001 0.67578125 0.8827511156250001 0.6708984375 0.8778683031250001 0.6640625 0.8768917421875001 0.6474609375 0.8759151781250001
0 0.7158203125 0.9364620531250001 0.7109375 0.9413448656250001 0.7109375 0.9589229921875001 0.7333984375 0.9598995531250001 0.7529296875 0.9540401781250001 0.763671875 0.9432979921875001 0.751953125 0.9354854921875001 0.7158203125 0.9364620531250001
0 0.4462890625 0.9032589281250001 0.443359375 0.9061886156250001 0.439453125 0.9237667421875001 0.4453125 0.9296261156250001 0.435546875 0.9335323656250001 0.435546875 0.9393917421875001 0.4443359375 0.9481808031250001 0.4697265625 0.9481808031250001 0.4794921875 0.9520870531250001 0.4931640625 0.9520870531250001 0.49609375 0.9452511156250001 0.4931640625 0.9423214281250001 0.4736328125 0.9364620531250001 0.4638671875 0.9364620531250001 0.455078125 0.9315792421875001 0.4775390625 0.9286495531250001 0.4814453125 0.9227901781250001 0.4892578125 0.9208370531250001 0.494140625 0.9140011156250001 0.4814453125 0.9052120531250001 0.4638671875 0.9052120531250001 0.455078125 0.9022823656250001 0.4462890625 0.9032589281250001
0 0.37901475625000003 0 0.37890625 0.0001953125 0.4013671875 0.02265625 0.4130859375 0.0265625 0.4365234375 0.0265625 0.447265625 0.0197265625 0.447265625 0.0138671875 0.4404296875 0.0109375 0.4313151046875 0 0.37901475625000003 0
0 0.4951171875 0 0.4892578125 0.001171875 0.486328125 0.0060546875 0.4892578125 0.008984375 0.505859375 0.0138671875 0.4990234375 0.020703125 0.4912109375 0.02265625 0.490234375 0.0275390625 0.5146484375 0.036328125 0.5400390625 0.03828125 0.541015625 0.0314453125 0.51953125 0.0158203125 0.5244140625 0.008984375 0.5322265625 0.008984375 0.53515625 0.0060546875 0.5315234375 0 0.4951171875 0
0 0.4462890625 0.071484375 0.4423828125 0.075390625 0.4345703125 0.075390625 0.4296875 0.0822265625 0.4296875 0.0880859375 0.4482421875 0.096875 0.4873046875 0.094921875 0.4912109375 0.096875 0.494140625 0.0939453125 0.484375 0.0880859375 0.4775390625 0.0734375 0.453125 0.0724609375 0.4462890625 0.071484375
0 0.5224609375 0.0421875 0.515625 0.0548828125 0.5205078125 0.0578125 0.5537109375 0.0578125 0.560546875 0.0548828125 0.5576171875 0.05 0.5458984375 0.05 0.533203125 0.0431640625 0.5224609375 0.0421875
0 0.5556640625 0.07734375 0.55078125 0.0802734375 0.548828125 0.0861328125 0.5576171875 0.094921875 0.615234375 0.0919921875 0.615234375 0.0861328125 0.6123046875 0.083203125 0.6064453125 0.083203125 0.59375 0.0763671875 0.5556640625 0.07734375
0 0.2894314234375 0 0.283203125 0.0080078125 0.3115234375 0.032421875 0.3232421875 0.03828125 0.3369140625 0.03828125 0.345703125 0.0333984375 0.333984375 0.0216796875 0.3310546875 0.01484375 0.3193359375 0.012890625 0.3134765625 0.005078125 0.3037109375 0.00703125 0.29296875 0.0001953125 0.2923828125 0 0.2894314234375 0