0 0.65625 0.50390625 0.071875 0.21875
0 0.6484375 0.7203125 0.05 0.121875
0 0.5953125 0.74921875 0.040625 0.078125
0 0.528125 0.7515625 0.021875 0.0640625
0 0.55703125 0.87890625 0.03125 0.0953125
0 0.596875 0.9 0.0375 0.1015625
0 0.65703125 0.934375 0.0734375 0.09375
0 0.54375 0.61953125 0.0265625 0.0671875
0 0.56640625 0.46171875 0.0359375 0.0890625
0 0.56875 0.25703125 0.021875 0.05625
0 0.5203125 0.3203125 0.025 0.08125
0 0.50390625 0.41484375 0.0171875 0.0578125
0 0.6078125 0.5703125 0.0453125 0.2015625
0 0.71171875 0.4984375 0.071875 0.21875
0 0.03828125 0.784375 0.034375 0.1203125
0 0.7640625 0.7078125 0.05 0.121875
0 0.0890625 0.80234375 0.040625 0.078125
0 0.821875 0.725 0.040625 0.078125
0 0.1546875 0.790625 0.021875 0.0640625
0 0.88828125 0.7140625 0.021875 0.0640625
0 0.153125 0.92109375 0.03125 0.0953125
0 0.88671875 0.84453125 0.03125 0.0953125
0 0.11875 0.94921875 0.0375 0.1015625
0 0.8515625 0.8734375 0.0375 0.1015625
0 0.07265625 0.975 0.0578125 0.05
0 0.8 0.91953125 0.0734375 0.09375
0 0.11171875 0.66484375 0.0265625 0.0671875
0 0.8453125 0.5875 0.0265625 0.0671875
0 0.05703125 0.51484375 0.0359375 0.0890625
0 0.790625 0.43828125 0.0359375 0.0890625
0 0.0125 0.315625 0.021875 0.05625
0 0.74609375 0.23828125 0.021875 0.05625
0 0.07265625 0.3671875 0.025 0.08125
0 0.80625 0.290625 0.025 0.08125
0 0.10859375 0.45625 0.0171875 0.0578125
0 0.8421875 0.37890625 0.0171875 0.0578125
0 0.0390625 0.63046875 0.0453125 0.2015625
0 0.77265625 0.553125 0.0453125 0.2015625