0 0.4796875 0.6546875 0.2140625 0.05
0 0.265625 0.625 0.11875 0.0375
0 0.2421875 0.56875 0.075 0.0328125
0 0.246875 0.5015625 0.0625 0.015625
0 0.1171875 0.5171875 0.09375 0.021875
0 0.0921875 0.5546875 0.0984375 0.028125
0 0.0515625 0.6109375 0.0875 0.0640625
0 0.3765625 0.53125 0.065625 0.0203125
0 0.53125 0.5703125 0.0875 0.0265625
0 0.734375 0.59375 0.0546875 0.015625
0 0.6765625 0.5390625 0.0796875 0.0171875
0 0.584375 0.5125 0.05625 0.0109375
0 0.41875 0.6 0.2 0.025
0 0.4796875 0.7109375 0.2140625 0.05
0 0.265625 0.0109375 0.11875 0.021875
0 0.265625 0.740625 0.11875 0.0375
0 0.2421875 0.059375 0.075 0.0328125
0 0.2421875 0.796875 0.075 0.0328125
0 0.246875 0.1265625 0.0625 0.015625
0 0.246875 0.8640625 0.0625 0.015625
0 0.1171875 0.1109375 0.09375 0.021875
0 0.1171875 0.8484375 0.09375 0.021875
0 0.0921875 0.0734375 0.0984375 0.028125
0 0.0921875 0.8109375 0.0984375 0.028125
0 0.0515625 0.02421875 0.0875 0.0484375
0 0.0515625 0.7546875 0.0875 0.0640625
0 0.3765625 0.096875 0.065625 0.0203125
0 0.3765625 0.834375 0.065625 0.0203125
0 0.53125 0.0578125 0.0875 0.0265625
0 0.53125 0.7953125 0.0875 0.0265625
0 0.734375 0.034375 0.0546875 0.015625
0 0.734375 0.771875 0.0546875 0.015625
0 0.6765625 0.0890625 0.0796875 0.0171875
0 0.6765625 0.8265625 0.0796875 0.0171875
0 0.584375 0.115625 0.05625 0.0109375
0 0.584375 0.853125 0.05625 0.0109375
0 0.41875 0.028125 0.2 0.025
0 0.41875 0.765625 0.2 0.025