0 0.3078125 0.60859375 0.1765625 0.20625
0 0.459375 0.4671875 0.115625 0.1515625
0 0.509375 0.6875 0.084375 0.1328125
0 0.56953125 0.72265625 0.05 0.0765625
0 0.5703125 0.62109375 0.096875 0.103125
0 0.53359375 0.5578125 0.0453125 0.0671875
0 0.57421875 0.44375 0.1046875 0.075
0 0.6328125 0.52421875 0.0640625 0.109375
0 0.58515625 0.53125 0.0359375 0.065625
0 0.67265625 0.734375 0.059375 0.1015625
0 0.5578125 0.9640625 0.096875 0.0703125
0 0.16328125 0.63359375 0.1765625 0.20625
0 0.015625 0.54609375 0.03125 0.1390625
0 0.990625 0.54375 0.01875 0.09375
0 0.95234375 0.37734375 0.0765625 0.0703125
0 0.9375 0.4703125 0.0640625 0.109375
0 0.98359375 0.459375 0.0328125 0.065625
0 0.97109375 0.68203125 0.0578125 0.1015625