0 0.5734375 0.7078125 0.1828125 0.146875
0 0.4609375 0.534375 0.1375 0.09375
0 0.6859375 0.5234375 0.1234375 0.0640625
0 0.73125 0.4703125 0.0703125 0.0390625
0 0.63125 0.4515625 0.090625 0.0828125
0 0.5625 0.4765625 0.0625 0.034375
0 0.4578125 0.4171875 0.059375 0.0953125
0 0.546875 0.3734375 0.103125 0.046875
0 0.5453125 0.421875 0.0625 0.025
0 0.7609375 0.3703125 0.0953125 0.04375
0 0.9671875 0.5234375 0.05625 0.0890625
0 0.5734375 0.8546875 0.1828125 0.146875
0 0.4609375 0.990625 0.1375 0.01875
0 0.63125 0.01328125 0.090625 0.0265625
0 0.4578125 0.03359375 0.059375 0.0671875
0 0.546875 0.0640625 0.103125 0.046875
0 0.5453125 0.015625 0.0625 0.025
0 0.7609375 0.0671875 0.0953125 0.04375