0 0.7125 0.44140625 0.159375 0.1921875
0 0.53125 0.54140625 0.103125 0.14375
0 0.53671875 0.31640625 0.071875 0.128125
0 0.48671875 0.2671875 0.04375 0.0734375
0 0.4609375 0.365625 0.0890625 0.096875
0 0.48125 0.4359375 0.0390625 0.0640625
0 0.4140625 0.5359375 0.1 0.065625
0 0.37734375 0.44453125 0.0546875 0.10625
0 0.425 0.44921875 0.0296875 0.0640625
0 0.3890625 0.23046875 0.05 0.0984375
0 0.55625 0.0359375 0.0921875 0.0625
0 0.85859375 0.4515625 0.159375 0.1921875
0 0.9859375 0.57265625 0.028125 0.1390625
0 0.0234375 0.33515625 0.0328125 0.0921875
0 0.03359375 0.50859375 0.0671875 0.0640625
0 0.06875 0.42265625 0.0546875 0.10625
0 0.0203125 0.42109375 0.0296875 0.0640625
0 0.08671875 0.209375 0.05 0.0984375