0 0.475 0.3234375 0.1734375 0.0640625
0 0.5546875 0.671875 0.2609375 0.0859375
0 0.2515625 0.603125 0.096875 0.0859375
0 0.4046875 0.590625 0.11875 0.075
0 0.4671875 0.478125 0.3703125 0.1421875
0 0.4703125 0.3828125 0.1109375 0.05
0 0.221875 0.7 0.1640625 0.0796875
0 0.475 0.1234375 0.1734375 0.0640625
0 0.5546875 0.8796875 0.2609375 0.0859375
0 0.2515625 0.9484375 0.096875 0.0859375
0 0.4046875 0.9609375 0.11875 0.075
0 0.46640625 0.01953125 0.3703125 0.0390625
0 0.4703125 0.0640625 0.1109375 0.05
0 0.221875 0.8515625 0.1640625 0.0796875