0 0.47578125 0.42890625 0.0390625 0.053125
0 0.39921875 0.3984375 0.053125 0.065625
0 0.3984375 0.3375 0.0296875 0.0421875
0 0.421875 0.53046875 0.028125 0.0328125
0 0.48828125 0.47578125 0.0265625 0.03125
0 0.48671875 0.52578125 0.0484375 0.0578125
0 0.44375 0.59609375 0.028125 0.025
0 0.4078125 0.671875 0.05 0.0609375
0 0.49765625 0.7140625 0.0453125 0.0546875
0 0.4609375 0.8171875 0.0328125 0.0328125
0 0.675 0.66171875 0.05 0.0875
0 0.65390625 0.77890625 0.0640625 0.1265625
0 0.59609375 0.728125 0.034375 0.0390625
0 0.5890625 0.6625 0.0234375 0.040625
0 0.5890625 0.7890625 0.0421875 0.0609375
0 0.5703125 0.90078125 0.1796875 0.190625
0 0.528125 0.4265625 0.09375 0.2125
0 0.59140625 0.42890625 0.071875 0.178125
0 0.0203125 0.6234375 0.015625 0.0296875
0 0.0328125 0.690625 0.009375 0.0203125
0 0.08828125 0.74609375 0.05 0.0609375
0 0.1046875 0.89921875 0.0328125 0.0328125
0 0.98203125 0.5890625 0.0359375 0.0875
0 0.96171875 0.34375 0.06875 0.1765625