0 0.51132844375 0.3189841046875 0.5275773265625 0.311223753125 0.5338715203125 0.3037571234375 0.56812671875 0.29584868750000004 0.5788120390625 0.28135478593749996 0.5878880140625 0.27725493125 0.5940353468749999 0.2648109578125 0.59608405 0.2563199765625 0.5897874078124999 0.23772866874999998 0.56006775 0.21752923906250002 0.537084090625 0.217824184375 0.509269946875 0.22324333593749998 0.47809025156249996 0.2444732359375 0.44002892187500003 0.2532603875 0.4271480375 0.27126792499999997 0.4286141953125 0.2949834390625 0.4356414671875 0.29937456562500003 0.439741321875 0.308450540625 0.472388396875 0.32396512187500004 0.51132844375 0.3189841046875
0 0.0663009234375 0.39266155 0.0441959796875 0.39676262812499996 0.0352668640625 0.40583982656249995 0.040245434375 0.41872193593749996 0.06484088593750001 0.43409087968750004 0.0998291625 0.4380402015625 0.1207628953125 0.43320726875000004 0.1277889421875 0.42456942656249996 0.08826023125 0.39661209531249997 0.0663009234375 0.39266155
0 0.6306525546875 0.46682973125 0.6256739859375 0.453947621875 0.6160117921875 0.451167065625 0.5899538546875001 0.4511695140625 0.552624378125 0.45878545156249995 0.5195403921875 0.4674257421875 0.49802166718749996 0.47840723125 0.4914349765625 0.48894814062499997 0.491728696875 0.49890282968750005 0.5003665390625 0.505928878125 0.5434064390625 0.5100238359375 0.5776616375 0.5021154 0.6226021546875 0.4797130625 0.6306525546875 0.46682973125
0 0.3779877359375 0.5662542546875 0.36905862031250003 0.5753314546875 0.3753540390625 0.5808937937499999 0.396142134375 0.5841124843750001 0.43610653125 0.5748859765625001 0.44459628906250004 0.563905709375 0.4406432953125 0.5598070796875 0.40580187968750003 0.560835103125 0.3779877359375 0.5662542546875
0 0.7094162578125001 0.5127897031249999 0.70165713125 0.5095697890625 0.6748673390625 0.5107434484375 0.6089918640625 0.52494975 0.5931823390625001 0.53461316875 0.5880593562499999 0.5428116515625 0.5893774296875 0.5485208515625 0.6108973796875 0.55056833125 0.6741379328125 0.5379725984375 0.705171990625 0.524794321875 0.7107343296875 0.518498903125 0.7094162578125001 0.5127897031249999
0 0.5609782921875001 0.560088559375 0.54267948125 0.5633109234375 0.5076924296875001 0.5723905703125001 0.5021300906249999 0.5786859875 0.5034481625 0.5843951875 0.5319953843749999 0.59083379375 0.5804507625 0.5836559890624999 0.6183652328125 0.5698914921875 0.6082636828125 0.5652078687500001 0.5887936593750001 0.567698378125 0.5609782921875001 0.560088559375
0 0.6905361250000001 0.56124753125 0.6441306734375 0.5729633234375 0.6331516328125 0.577502534375 0.62802865 0.58570101875 0.6552578 0.586430425 0.6895129984375 0.578521990625 0.704298171875 0.5731040625 0.715130353125 0.56358750625 0.7111773593749999 0.5594888765625 0.6905361250000001 0.56124753125
0 0.588065478125 0.6079564953125 0.58206378125 0.612348846875 0.5829424953125 0.6161549796875 0.6063655125 0.6177631015625 0.631105378125 0.612051453125 0.6529166 0.5979956843750001 0.64325440625 0.595215128125 0.6287617296875 0.5975587765625 0.588065478125 0.6079564953125
0 0.47109847968749996 0.617922203125 0.47929696406250005 0.623045184375 0.506379253125 0.6187972453125 0.5176507921875 0.61118375625 0.51633271875 0.60547455625 0.5078417375 0.603425853125 0.47431839531250003 0.6101630765625 0.47109847968749996 0.617922203125
0 0.4333259734375 0.58454816875 0.395996496875 0.5921641078125 0.3858961703125 0.600509453125 0.38604303125 0.605486796875 0.394241515625 0.6106097796875 0.4122478296875 0.61046169375 0.4456243125 0.5987471249999999 0.4530897171875 0.59201235 0.4486973671875 0.5860106546875 0.4333259734375 0.58454816875
0 0.352228415625 0.62832726875 0.3509115671875 0.6356470375 0.3652586078125 0.6413550125 0.38472863125 0.6388645046875 0.41312776875 0.627296796875 0.4087354171875 0.6212951 0.3959989453125 0.6182220453125 0.37008786875 0.6232018390625 0.352228415625 0.62832726875
0 0.332464671875 0.6208630875 0.351787834375 0.6133952328125 0.34929855 0.606954178125 0.3301210234375 0.606370409375 0.3141646375 0.61105648125 0.314311496875 0.6160338265624999 0.332464671875 0.6208630875
0 0.41444828906250003 0.6590639328125001 0.4311377546875 0.6662356171875 0.45822004375000003 0.661987678125 0.45997625 0.6565709765625 0.45485204375 0.6517404921875001 0.4397731484375 0.647203728125 0.420010628125 0.6527685156249999 0.41444828906250003 0.6590639328125001
0 0.5517628015625 0.63738488125 0.5576188609375 0.6410441546875 0.5794313078125 0.6400173546875 0.6196882031250001 0.6277165671875 0.617638275 0.6231785796875 0.5866029921875 0.6233278890625 0.5554220734374999 0.631528821875 0.5517628015625 0.63738488125
0 0.46422296406249997 0.670624296875 0.462466759375 0.6760409984375 0.4659803953125 0.6782365625 0.504041725 0.6694494125 0.5077009984374999 0.6635933515625 0.50301615 0.660665934375 0.47520200625 0.6660850843749999 0.46422296406249997 0.670624296875
0 0.5586456609375 0.6628566015625 0.589094725 0.6558268796875 0.5946570640625 0.6495314624999999 0.5823599500000001 0.648361475 0.5587912968750001 0.6548049765624999 0.555132025 0.6606610374999999 0.5586456609375 0.6628566015625
0 0.65321399375 0.64703728125 0.6630218234374999 0.6417662156249999 0.65672640625 0.6362038765625 0.6403306609375 0.6389868828124999 0.6224712078125 0.6441123125 0.61925129375 0.6518714390625 0.65321399375 0.64703728125
0 0.7163076859374999 0.6294642046875001 0.709719771875 0.62697614375 0.6895178937499999 0.630637865625 0.6862979796875 0.6383969921875 0.7126484140625 0.6353202640625 0.7163076859374999 0.6294642046875001
0 0.649554721875 0.6528933421875001 0.65541078125 0.6565526140625 0.6767838703125 0.6536227484375 0.6923009 0.647033609375 0.6902509734375 0.642495621875 0.6772220046874999 0.6424968453125001 0.6570201265625 0.6461585671875001 0.649554721875 0.6528933421875001
0 0.4951268625 0 0.4653317453125 0.006878743750000001 0.4564014078125 0.002926975 0.43839509374999996 0.003075059375 0.401212478125 0.01566834375 0.378670625 0.043924292187500005 0.3789643453125 0.0538789828125 0.37457321875 0.06090625468750001 0.3836516421875 0.0828643375 0.4031228890625 0.0934027984375 0.44118422031250004 0.0846156484375 0.4785149203125 0.090028678125 0.50588970625 0.0827064609375 0.526676578125 0.0728961828125 0.5445335828125 0.041712815624999997 0.5420430734374999 0.0222427921875 0.5364795109375 0.015509240625 0.5254992453125 0.007019484375 0.5155445546874999 0.0073132046875 0.5015564515625 0 0.4951268625 0
0 0 0.13363439531250002 0.0061089421875 0.131941434375 0.02411403125 0.11876438125 0.037951725 0.0935201953125 0 0.1022820421875 0 0.13363439531250002
0 0.7243899140625001 0.955334059375 0.6917452859375001 0.9658774171875001 0.694443321875 0.9682612765625 0.7341358515625 0.9590975328125 0.735515815625 0.95577219375 0.7243899140625001 0.955334059375
0 0.78294561875 0.939810909375 0.75791325625 0.9485968359375001 0.7624099828124999 0.9525699359375001 0.7851788156249999 0.9473133375 0.788801678125 0.9434701828125001 0.78294561875 0.939810909375
0 0.722193125 0.9458187265625 0.7185338531250001 0.9516747875 0.7281960468750001 0.9544553453125 0.7479585656250001 0.9488905578125 0.7596694625 0.9431801343749999 0.7595226015625001 0.9382027890625 0.7426875 0.939082728125 0.722193125 0.9458187265625