0 0.26484375 0.59765625 0.1296875 0.2203125
0 0.37734375 0.54921875 0.0671875 0.18125
0 0.3375 0.35546875 0.0546875 0.096875
0 0.4078125 0.13984375 0.05 0.0796875
0 0.31067608281250003 0 0.274004715625 0.188657834375 0.29792756875 0.19251209375 0.34817639375 0.1346303203125 0.3698463515625 0 0.31067608281250003 0
0 0.428125 0.36171875 0.0390625 0.0828125
0 0.3640625 0.7421875 0.04375 0.10625
0 0.26328125 0.88046875 0.0984375 0.171875
0 0.1296875 0.57109375 0.1296875 0.2203125
0 0.04296875 0.484375 0.0671875 0.18125
0 0.153125 0.31953125 0.0546875 0.096875
0 0.16875 0.09296875 0.05 0.0796875
0 0.250755621875 0 0.225472996875 0.1107791953125 0.2503800015625 0.1832697828125 0.274004715625 0.188657834375 0.31067608281250003 0 0.250755621875 0
0 0.06640625 0.29140625 0.0390625 0.0828125
0 0.03671875 0.834375 0.0734375 0.171875