0 0.93464566875 0.2975024609375 0.9299212593749999 0.3258489171875 0.9385826765624999 0.3486835625 0.9598425203125001 0.3494709640625 0.9811023625 0.318762303125 1 0.2896284453125 0.9944881890625 0.24710875937500001 0.9661417328124999 0.2612819875 0.93464566875 0.2975024609375
0 0.34645669218749997 0.6447465546875 0.617322834375 0.6982898625 0.62519685 0.6801796265625 0.5677165359375 0.6620693890625 0.63464566875 0.6085260828125 0.70314960625 0.5723056109375 0.6645669296875 0.5573449796875 0.460629921875 0.5400221453125 0.34645669218749997 0.6447465546875
0 0.6578125 0.440625 0.078125 0.0484375
0 0.3671875 0.5296875 0.090625 0.046875
0 0.1984375 0.59375 0.1234375 0.04375
0 0.2740157484375 0.49828986249999996 0.2417322828125 0.48490403593750003 0.19055118124999998 0.48017962656249996 0.1102362203125 0.47939222499999995 0.0913385828125 0.46443159375 0.05196850468749999 0.4730930125 0 0.5085260828125 0.028346456250000002 0.5164000984375 0.1118110234375 0.5258489171875 0.192125984375 0.5368725390625 0.22992125937500002 0.528211121875 0.266929134375 0.5171875 0.2740157484375 0.49828986249999996
0 0.701574803125 0.46206938906249995 0.74094488125 0.49120324843749996 0.6771653546875 0.5526205703125 0.7275590546874999 0.57624261875 0.8023622046875 0.525061515625 0.87795275625 0.44553395625 0.8677165359375 0.42427411406250004 0.7629921265624999 0.4195497046875 0.701574803125 0.46206938906249995
0 0.80944881875 0.418762303125 0.8874015749999999 0.43372293281249996 0.9456692906249999 0.3486835625 0.8929133859375 0.3368725390625 0.8551181109374999 0.39041584687499997 0.8299212593749999 0.39041584687499997 0.80944881875 0.418762303125
0 1 0.1447465546875 0.9811023625 0.115612696875 0.9598425203125001 0.0849040359375 0.9385826765624999 0.0856914375 0.9299212593749999 0.10852608281250001 0.93464566875 0.13687253906250002 0.9661417328124999 0.1730930125 0.9944881890625 0.187266240625 1 0.1447465546875
0 0.6764019125 1 0.70314960625 0.9896284453125 0.63464566875 0.953407971875 0.5677165359375 0.8998646656249999 0.62519685 0.8817544296875001 0.617322834375 0.8636441921875001 0.34645669218749997 0.9171875 0.43674099843749997 1 0.6764019125 1
0 0.6578125 0.00859375 0.078125 0.0171875
0 0.1984375 0.9671875 0.1234375 0.04375
0 0.8874015749999999 0.0006520671875 0.80944881875 0.015612696875000002 0.8299212593749999 0.043959153125 0.8551181109374999 0.043959153125 0.8929133859375 0.09750246093750001 0.9456692906249999 0.0856914375 0.8874015749999999 0.0006520671875