0 0.293450015625 0.36590328906249997 0.30329865625 0.3576392984375 0.3205702828125 0.353935721875 0.3309848703125 0.339202934375 0.340154375 0.3387015 0.36502669375 0.322626275 0.372740571875 0.30896086875 0.37078351249999997 0.2866273921875 0.356341615625 0.2579869859375 0.30932935625 0.22910436562499997 0.2967958421875 0.20845289218750002 0.284084628125 0.20473348281249998 0.27986378125 0.20827519218749999 0.26036120937499996 0.282181340625 0.2643240078125 0.3411928375 0.273542190625 0.35503594375 0.293450015625 0.36590328906249997
0 0.3906631875 0.6703396421875001 0.40198328906249997 0.6452567796875 0.4215673796875 0.6300225578124999 0.4281006890625 0.614950203125 0.4306066875 0.5565046546875 0.4249947265625 0.531244090625 0.416957115625 0.5188079328125 0.40710847499999997 0.527071921875 0.40199795 0.5109808625000001 0.39058049375000004 0.5073746421875 0.380279096875 0.52081366875 0.36239401718750003 0.6209345734375 0.38290063124999996 0.66966050625 0.3906631875 0.6703396421875001
0 0.43826954218749997 0.3199085609375 0.44829588437499995 0.2947125078125 0.442635246875 0.255107403125 0.42510439531250005 0.2170711125 0.41239318125 0.2133517015625 0.40338554374999996 0.22690391875000002 0.40039394375 0.24619712031250002 0.395268759375 0.3643819765625 0.4100343875 0.4191239484375 0.4206108421875 0.4174419453125 0.42855109843749994 0.4011890203125 0.43826954218749997 0.3199085609375
0 0.46393594374999997 0.4512166296875 0.45007868906250004 0.4605965328125 0.438819140625 0.477536803125 0.4363735484375 0.514803128125 0.4402347390625 0.52654798125 0.44476304375 0.539980778125 0.4563260921875 0.547510725 0.4710931140625 0.5463583046875 0.47816817812499995 0.5306815171875 0.4795526203125 0.5055441859375 0.4724669265625 0.4747770796875 0.46393594374999997 0.4512166296875
0 0.4799624203125 0.9944533359375001 0.488735321875 0.9593701578125 0.49250524375 0.9442189953125 0.503663625 0.919121984375 0.50730195625 0.8868487437500001 0.49520338593749996 0.8947529328125 0.48553061406250003 0.9028693531249999 0.47291704687499997 0.95391229375 0.4648918984375 0.9711355375 0.4619305765625 0.98635744375 0.4721898203125 0.9994768437499999 0.4799624203125 0.9944533359375001
0 0.5250379984375 0.6561856296874999 0.5310618078125 0.6338985578125 0.5328303890625 0.61368356875 0.526118940625 0.60657808125 0.515142365625 0.6202839546875001 0.5101797046875001 0.6304420328125 0.5161434015624999 0.655407453125 0.5250379984375 0.6561856296874999
0 0.5041529625 0.3919964234375 0.5013529203125 0.368122575 0.48990093437500004 0.350010090625 0.47923775625 0.3694469046875 0.4804206 0.393179265625 0.5041529625 0.3919964234375
0 0.6248564265625001 0.381372096875 0.625027603125 0.32353706875 0.6254619609375001 0.2999461921875 0.6119584203125 0.305283096875 0.6122018078125 0.37700580625 0.6248564265625001 0.381372096875
0 0.5911477953125 0.36620114375 0.5857401453125 0.353506203125 0.5784224296875 0.36264345 0.5760879015625 0.3893272375 0.5782915734375 0.41070454375 0.5842651671875 0.41693068593750005 0.59240138125 0.3891249046875 0.5927246734375 0.37611656718750003 0.5911477953125 0.36620114375
0 0.6051982203125 0.4570571671875 0.6032174078125 0.4796979546875 0.60527959375 0.5026924609375001 0.61600361875 0.5011863234375 0.6204102296875 0.478757765625 0.6197834375 0.467295884375 0.6173979562499999 0.457309715625 0.6051982203125 0.4570571671875
0 0.641878071875 0.438266940625 0.6441928078125 0.44906170625 0.6512579734374999 0.45212419531250003 0.6538655796875 0.4409452890625 0.657109875 0.422488984375 0.6563819140625 0.40287036406250004 0.6494886578125 0.4071560140625 0.6421001984375 0.41710186250000003 0.641878071875 0.438266940625
0 0.10368730468750001 0.299762040625 0.1253903234375 0.3199120796875 0.13433345000000002 0.3219981640625 0.14203149375 0.3383156015625 0.158397609375 0.34496209843750003 0.1666615984375 0.3548107390625 0.18815407343749999 0.3475654515625 0.199636040625 0.3355333734375 0.2137858734375 0.2781065265625 0.2074132578125 0.20193659218749999 0.203871546875 0.197715746875 0.19070757656249998 0.199171371875 0.17477838437499998 0.21733268125 0.12346493124999999 0.23761291562500003 0.10426908593749999 0.26331040156249996 0.098463590625 0.2849647421875 0.10368730468750001 0.299762040625
0 0 0.598612340625 0.011267965625 0.61107361875 0.01806049375 0.63774113125 0.025823049999999997 0.638420265625 0.05447929218749999 0.5939955265625 0.054251740625 0.492289971875 0.0464405078125 0.47726629374999996 0.034570293749999995 0.47883510781250005 0.0267432265625 0.49379427343750004 0.018479235937499998 0.48394563437500004 0.0084042171875 0.49479714374999995 0 0.5150611359374999 0 0.598612340625
0 0.0821291453125 0.2183525578125 0.082533225 0.198832978125 0.0760157515625 0.1839224890625 0.0628517796875 0.185378115625 0.0389823296875 0.2197923484375 0.0265303359375 0.2578128046875 0.03202910625 0.284367128125 0.027485700000000002 0.36610034375 0.0324830359375 0.38348516250000003 0.0426067328125 0.3869781953125 0.066653884375 0.3356319 0.0821291453125 0.2183525578125
0 0.9839142328125 0.3378250140625 0.9715425859375 0.3302243234375 0.96787383125 0.3535322265625 0.957999459375 0.41051833593750003 0.971220025 0.40841583124999997 0.9839142328125 0.3378250140625
0 1 0.391957203125 0.9938303906250001 0.40143130468750005 0.9905556734375001 0.4109222703125 0.9886151796875 0.4237891203125 0.9917993624999999 0.45258530781250006 0.9987633625000001 0.4474910578125 1 0.44314564218749997 1 0.391957203125
0 0.9622356265625 0.511107978125 0.9642164390625 0.48846719062500005 0.9521581890625 0.4865974421875 0.9480748703125 0.4960176625 0.945467265625 0.507196571875 0.9459122515624999 0.5300495890625 0.9562118171874999 0.5333950515625 0.9622356265625 0.511107978125
0 0.92321978125 0.42621565156249996 0.9190961421875 0.4454098125 0.9190862453124999 0.464149090625 0.9197130375 0.47561097031250005 0.9272026656250001 0.4738218609375 0.9313567265625 0.463593040625 0.9348132515625001 0.44271093749999996 0.9292641171874999 0.4316331953125 0.92321978125 0.42621565156249996