0 0.6765625 0.684375 0.0265625 0.0625
0 0.65078125 0.72578125 0.028125 0.084375
0 0.6984375 0.7703125 0.0234375 0.075
0 0.63203125 0.81640625 0.025 0.05
0 0.5890625 0.78125 0.0375 0.0984375
0 0.31328125 0.3703125 0.128125 0.153125
0 0.43671875 0.52890625 0.109375 0.2390625
0 0.50390625 0.26875 0.0890625 0.225
0 0.534375 0.43203125 0.0546875 0.103125
0 0.59921875 0.078125 0.040625 0.0984375
0 0.57734375 0.178125 0.0359375 0.078125
0 0.58046875 0.2890625 0.025 0.059375
0 0.6265625 0.25078125 0.028125 0.075
0 0.6578125 0.234375 0.025 0.05625
0 0.6625 0.303125 0.01875 0.05
0 0.62265625 0.36953125 0.0578125 0.1453125
0 0.6046875 0.503125 0.03125 0.0796875
0 0.70546875 0.35859375 0.0234375 0.04375
0 0.69765625 0.175 0.04375 0.0359375
0 0.73359375 0.26484375 0.0640625 0.1109375
0 0.73828125 0.17734375 0.04375 0.0640625
0 0.746875 0.3859375 0.046875 0.096875
0 0.253125 0.7609375 0.0375 0.096875
0 0.59140625 0.971875 0.03125 0.0515625
0 0.75078125 0.615625 0.034375 0.0390625
0 0.74296875 0.53359375 0.0421875 0.05625
0 0.8765625 0.68125 0.0265625 0.0625
0 0.90390625 0.72109375 0.028125 0.084375
0 0.8578125 0.7671875 0.0234375 0.075
0 0.92578125 0.81171875 0.025 0.05
0 0.9671875 0.775 0.0375 0.0984375
0 0.13984375 0.3734375 0.128125 0.153125
0 0.0390625 0.53515625 0.078125 0.2390625
0 0.990625 0.4234375 0.0171875 0.1015625
0 0.93359375 0.071875 0.040625 0.0984375
0 0.95859375 0.171875 0.0359375 0.078125
0 0.95859375 0.2828125 0.025 0.059375
0 0.9109375 0.24609375 0.028125 0.075
0 0.8796875 0.23046875 0.025 0.05625
0 0.878125 0.3 0.01875 0.05
0 0.91953125 0.36484375 0.0578125 0.1453125
0 0.9421875 0.496875 0.03125 0.0796875
0 0.83671875 0.35625 0.0234375 0.04375
0 0.83828125 0.171875 0.04375 0.0359375
0 0.80546875 0.26328125 0.0640625 0.1109375
0 0.79765625 0.17578125 0.04375 0.0640625
0 0.79609375 0.38515625 0.046875 0.096875
0 0.2140625 0.7609375 0.0375 0.096875
0 0.971875 0.965625 0.03125 0.0515625
0 0.80078125 0.61484375 0.034375 0.0390625
0 0.80546875 0.53203125 0.0421875 0.05625