0 0.6875 0.3265625 0.0625 0.025
0 0.728125 0.353125 0.084375 0.0265625
0 0.7734375 0.30625 0.075 0.021875
0 0.81875 0.3734375 0.05 0.0234375
0 0.7828125 0.415625 0.0984375 0.0359375
0 0.3671875 0.684375 0.1515625 0.125
0 0.528125 0.5640625 0.2375 0.1046875
0 0.26875 0.4921875 0.2234375 0.0859375
0 0.4328125 0.4640625 0.1015625 0.053125
0 0.0796875 0.39375 0.0984375 0.0390625
0 0.1796875 0.4171875 0.078125 0.034375
0 0.290625 0.415625 0.059375 0.0234375
0 0.253125 0.36875 0.075 0.0265625
0 0.2375 0.3375 0.05625 0.0234375
0 0.30625 0.334375 0.05 0.0171875
0 0.371875 0.375 0.14375 0.0546875
0 0.5046875 0.3953125 0.0796875 0.0296875
0 0.3625 0.2921875 0.04375 0.0234375
0 0.178125 0.296875 0.0359375 0.04375
0 0.26875 0.2625 0.109375 0.0625
0 0.18125 0.25625 0.0640625 0.0421875
0 0.390625 0.2515625 0.096875 0.0453125
0 0.75625 0.7515625 0.096875 0.0359375
0 0.9734375 0.4171875 0.0515625 0.0296875
0 0.6203125 0.2515625 0.0390625 0.034375
0 0.5375 0.2578125 0.05625 0.040625
0 0.6875 0.1265625 0.0625 0.025
0 0.728125 0.1 0.084375 0.0265625
0 0.7734375 0.146875 0.075 0.021875
0 0.81875 0.0796875 0.05 0.0234375
0 0.7828125 0.0375 0.0984375 0.0359375
0 0.3671875 0.8578125 0.1515625 0.125
0 0.528125 0.9625 0.2375 0.075
0 0.43203125 0.0078125 0.1015625 0.015625
0 0.0796875 0.059375 0.0984375 0.0390625
0 0.1796875 0.0359375 0.078125 0.034375
0 0.290625 0.0375 0.059375 0.0234375
0 0.253125 0.084375 0.075 0.0265625
0 0.2375 0.115625 0.05625 0.0234375
0 0.30625 0.11875 0.05 0.0171875
0 0.371875 0.078125 0.14375 0.0546875
0 0.5046875 0.0578125 0.0796875 0.0296875
0 0.3625 0.1609375 0.04375 0.0234375
0 0.178125 0.15625 0.0359375 0.04375
0 0.26875 0.190625 0.109375 0.0625
0 0.18125 0.196875 0.0640625 0.0421875
0 0.390625 0.2015625 0.096875 0.0453125
0 0.75625 0.790625 0.096875 0.0359375
0 0.9734375 0.0359375 0.0515625 0.0296875
0 0.6203125 0.2015625 0.0390625 0.034375
0 0.5375 0.1953125 0.05625 0.040625