0 0.46484375 0.67109375 0.0421875 0.0453125
0 0.45 0.5875 0.0453125 0.0921875
0 0.5125 0.6375 0.0390625 0.0484375
0 0.36171875 0.34375 0.05 0.1
0 0.38125 0.31328125 0.028125 0.0484375
0 0.334375 0.48125 0.0453125 0.0734375
0 0.29609375 0.4078125 0.05 0.06875
0 0.25078125 0.34765625 0.046875 0.0921875
0 0.17265625 0.37109375 0.0734375 0.10625
0 0.13515625 0.26015625 0.04375 0.0625
0 0.20078125 0.50703125 0.08125 0.084375
0 0.309375 0.58359375 0.0421875 0.05
0 0.2671875 0.60234375 0.0375 0.065625
0 0.38828125 0.7765625 0.03125 0.046875
0 0.321875 0.80546875 0.0421875 0.059375
0 0.01015625 0.54453125 0.0203125 0.0703125
0 0.015625 0.4640625 0.03125 0.06875
0 0.025 0.39140625 0.046875 0.0921875
0 0.10625 0.38359375 0.0734375 0.10625
0 0.1 0.2671875 0.04375 0.0625
0 0.13125 0.5203125 0.08125 0.084375
0 0.059375 0.63203125 0.0421875 0.05
0 0.10546875 0.63359375 0.0375 0.065625
0 0.0640625 0.83984375 0.021875 0.0453125
0 0.13046875 0.8421875 0.0421875 0.059375