0 0.3390625 0.5671875 0.0390625 0.0359375
0 0.4234375 0.565625 0.0890625 0.028125
0 0.3625 0.5140625 0.04375 0.03125
0 0.6796875 0.60625 0.0953125 0.0328125
0 0.70625 0.58125 0.0453125 0.0203125
0 0.55 0.659375 0.06875 0.0328125
0 0.6296875 0.6828125 0.0625 0.0390625
0 0.696875 0.715625 0.0875 0.03125
0 0.6890625 0.796875 0.096875 0.05625
0 0.8046875 0.8125 0.0578125 0.0328125
0 0.55 0.7953125 0.071875 0.06875
0 0.4546875 0.703125 0.04375 0.034375
0 0.44375 0.7484375 0.0609375 0.0265625
0 0.25 0.6625 0.04375 0.0234375
0 0.234375 0.7328125 0.0546875 0.0328125
0 0.55 0.9921875 0.06875 0.015625
0 0.6296875 0.978125 0.0625 0.0390625
0 0.696875 0.9453125 0.0875 0.03125
0 0.6890625 0.8640625 0.096875 0.05625
0 0.8046875 0.8484375 0.0578125 0.0328125
0 0.55 0.865625 0.071875 0.06875
0 0.4546875 0.9578125 0.04375 0.034375
0 0.44375 0.9125 0.0609375 0.0265625
0 0.25 0.99296875 0.04375 0.0140625
0 0.234375 0.928125 0.0546875 0.0328125