0 0.1128205125 0.614623396875 0.124358975 0.6248798078125 0.13076923125 0.6235977562499999 0.124358975 0.6159054484375 0.12564102500000002 0.608213140625 0.1384615390625 0.5992387828125 0.24230769218749998 0.601802884375 0.23076923124999998 0.6094951921875 0.2179487171875 0.6300080125 0.19615384687499998 0.6402644234375 0.17051282031249998 0.6441105765625 0.15641025625 0.6646233968749999 0.1666666671875 0.7030849359375 0.1769230765625 0.7094951921875 0.19358974375 0.7107772437500001 0.20512820468749998 0.7030849359375 0.202564103125 0.692828525 0.2115384609375 0.6812900640625 0.23461538437499999 0.67359775625 0.2294871796875 0.6646233968749999 0.24102564062499998 0.651802884375 0.26538461562500004 0.6569310890625 0.26923076875 0.6505208328125 0.28076923125 0.6492387828124999 0.28974358906250003 0.663341346875 0.2987179484375 0.6594951921875001 0.3012820515625 0.6377003203125 0.29358974375 0.621033653125 0.2679487171875 0.6107772437500001 0.2679487171875 0.6005208328125 0.2628205125 0.595392628125 0.29358974375 0.5864182687499999 0.34102564062499996 0.582572115625 0.3576923078125 0.571033653125 0.3602564109375 0.5543669875 0.3371794875 0.513341346875 0.31538461562500003 0.49795673125000006 0.271794871875 0.4902644234375 0.15769230781250002 0.488982371875 0.11538461562499999 0.491546475 0.09358974375 0.49923878281249995 0.053846153125 0.5261618593749999 0.048717948437500005 0.5441105765625001 0.078205128125 0.5659054484375 0.0858974359375 0.5748798078124999 0.08974358906249999 0.592828525 0.10769230781250001 0.601802884375 0.1128205125 0.614623396875
0 0.591346153125 0.3974759609375 0.571314103125 0.4006810890625 0.5416666671875 0.3966746796875 0.5128205125 0.4046875 0.5072115390625 0.4118990390625 0.5168269234375 0.42391826874999994 0.5416666671875 0.4311298078125 0.5969551281250001 0.438341346875 0.6233974359375 0.4287259609375 0.6426282046875 0.4191105765625 0.6177884609375 0.40148237187499997 0.591346153125 0.3974759609375
0 0.296474359375 0.3686298078125 0.2884615390625 0.376642628125 0.3012820515625 0.4046875 0.3197115390625 0.41430288437499996 0.3541666671875 0.40388621718750006 0.33733974375 0.3966746796875 0.34214743593749997 0.38866185937500003 0.34054487187500004 0.379046475 0.3397435890625 0.3718349359375 0.31570512812499996 0.3606169875 0.296474359375 0.3686298078125
0 0.3012820515625 0.42071314062500004 0.302884615625 0.4319310890625 0.3253205125 0.444751603125 0.3509615390625 0.44234775624999995 0.36858974375 0.4359375 0.3741987171875 0.4223157046875 0.3605769234375 0.4175080125 0.3357371796875 0.4127003203125 0.3012820515625 0.42071314062500004
0 0.8565705124999999 0.5312900640625 0.8285256406249999 0.5320913468749999 0.7844551281250001 0.53609775625 0.7948717953125 0.551322115625 0.8221153843750001 0.56734775625 0.8565705124999999 0.57295673125 0.8958333328125001 0.564142628125 0.9166666671874999 0.5529246796875 0.9094551281250001 0.5401041671875 0.88141025625 0.535296475 0.8565705124999999 0.5312900640625
0 0.39983974375 0.4984375 0.3822115390625 0.4984375 0.359775640625 0.49923878281249995 0.3397435890625 0.508052884375 0.346153846875 0.5184695515625 0.375 0.527283653125 0.39983974375 0.5224759609375 0.4166666671875 0.5152644234375 0.421474359375 0.504046475 0.39983974375 0.4984375
0 0.3958333328125 0.4856169875 0.390224359375 0.4719951921875 0.375 0.46077724375000007 0.353365384375 0.4631810890625 0.338141025 0.46638621718750006 0.341346153125 0.482411859375 0.3565705125 0.489623396875 0.3822115390625 0.4912259609375 0.3958333328125 0.4856169875
0 0.427884615625 0.6322516031250001 0.42387820468750004 0.6466746796875 0.46233974375000003 0.6635016031250001 0.49358974375000003 0.6586939109375 0.5064102562499999 0.6474759609375 0.49118589687499997 0.6322516031250001 0.47355769218750005 0.6282451921875001 0.4543269234375 0.626642628125 0.427884615625 0.6322516031250001
0 0.359387328125 1 0.3576923078125 0.9889823718749999 0.34102564062499996 0.9774439109375 0.29358974375 0.97359775625 0.2628205125 0.964623396875 0.2679487171875 0.9594951921874999 0.2679487171875 0.9492387828125001 0.29358974375 0.938982371875 0.3012820515625 0.9223157046875 0.2987179484375 0.9005208328125001 0.28974358906250003 0.8966746796875 0.28076923125 0.9107772437499999 0.26923076875 0.9094951921875 0.26538461562500004 0.9030849359375 0.24102564062499998 0.9082131406249999 0.2294871796875 0.895392628125 0.23461538437499999 0.88641826875 0.2115384609375 0.8787259609375001 0.202564103125 0.8671875 0.20512820468749998 0.8569310890624999 0.19358974375 0.8492387828125001 0.1769230765625 0.8505208328125 0.1666666671875 0.8569310890624999 0.15641025625 0.895392628125 0.17051282031249998 0.9159054484375 0.19615384687499998 0.919751603125 0.2179487171875 0.9300080124999999 0.23076923124999998 0.9505208328125001 0.24230769218749998 0.958213140625 0.1384615390625 0.96077724375 0.12564102500000002 0.951802884375 0.124358975 0.9441105765625 0.13076923125 0.93641826875 0.124358975 0.9351362171875 0.1128205125 0.945392628125 0.10769230781250001 0.958213140625 0.08974358906249999 0.9671875 0.0858974359375 0.9851362171875 0.078205128125 0.9941105765625 0.07023708437500001 1 0.359387328125 1
0 0.566546471875 0 0.5416666671875 0.0032451921875 0.5168269234375 0.01045673125 0.5072115390625 0.0224759609375 0.5128205125 0.0296875 0.5416666671875 0.0377003203125 0.571314103125 0.0336939109375 0.591346153125 0.0368990390625 0.6177884609375 0.032892628125000004 0.6426282046875 0.015264423437499999 0.6233974359375 0.0056490390625 0.60786258125 0 0.566546471875 0
0 0.31570512812499996 0.0737580125 0.3397435890625 0.0625400640625 0.34054487187500004 0.055328524999999996 0.34214743593749997 0.045713140624999996 0.33733974375 0.0377003203125 0.3541666671875 0.030488782812499997 0.3197115390625 0.020072115625 0.3012820515625 0.0296875 0.2884615390625 0.057732371875 0.296474359375 0.0657451921875 0.31570512812499996 0.0737580125
0 0.307161459375 0 0.302884615625 0.0024439109375 0.3012820515625 0.013661859374999998 0.3357371796875 0.0216746796875 0.3605769234375 0.0168669875 0.3741987171875 0.0120592953125 0.3692331265625 0 0.307161459375 0
0 0.49118589687499997 0.9277644234375 0.5064102562499999 0.9125400640624999 0.49358974375000003 0.901322115625 0.46233974375000003 0.8965144234375 0.42387820468750004 0.913341346875 0.427884615625 0.9277644234375 0.4543269234375 0.933373396875 0.47355769218750005 0.9317708328125001 0.49118589687499997 0.9277644234375