0 0.34339732968750003 0.703948521875 0.3386961171875 0.6767353859374999 0.323992978125 0.665745978125 0.30214126874999997 0.663722640625 0.2965132875 0.671701228125 0.30844180312499997 0.6834115625 0.3047887875 0.6944313296875 0.29771895000000004 0.6968606671875001 0.2976705765625 0.7217535546875 0.2827312421875 0.7303743375 0.2750192078125 0.723492321875 0.2626970328125 0.7444656390625 0.249544840625 0.7508449046875 0.2400456640625 0.7462044062500001 0.2301224703125 0.7558914031249999 0.2279113109375 0.7724604171875 0.23204906093750002 0.7838254671875 0.2675376953125 0.8018543546875 0.2905343484375 0.7923248203125001 0.2996275234375 0.7680437718750001 0.314191215625 0.7488576 0.336921315625 0.7405821 0.346844509375 0.7308951031250001 0.32776174999999996 0.833005075 0.31631796875 0.84367955625 0.30852720312500004 0.8433342703125 0.3023357578125 0.835464771875 0.29974895468749996 0.8414683953125 0.3073822578125 0.8548871421875001 0.318856396875 0.86256881875 0.323902896875 0.8819911890625001 0.34065973125000004 0.8894850421875 0.34783865937499997 0.898875128125 0.36302653125 0.9322493515625 0.38164923906250003 0.9309649578125001 0.4162471390625 0.8976874828125 0.42830276093749997 0.8779682015624999 0.43960709531250003 0.8371181421875 0.4620763171875 0.7252424390625001 0.463614921875 0.6810059140625 0.45309790625 0.656488671875 0.41776673593749997 0.6253863234375 0.40093117031250003 0.6244292 0.3861796546875 0.6383326796875 0.37255507187500003 0.683932328125 0.357379540625 0.7121633046875 0.3534296140625 0.7060809484374999 0.34339732968750003 0.703948521875
0 0.5958952281250001 0.5072762296875 0.6097304015625 0.4807263921875 0.611975590625 0.45089384375 0.6192755765625 0.4319659265625 0.6208543796875 0.405268465625 0.6087758671875 0.3773064203125 0.5953723 0.39411779999999996 0.58046936875 0.41798312812500005 0.5760282 0.4735627671875 0.5779176765625 0.4993590671875 0.5876751062500001 0.5112632703125 0.5958952281250001 0.5072762296875
0 0.5766803984375 0.732563278125 0.586184078125 0.726391515625 0.5980201015625 0.7092469453125 0.59204516875 0.6834014390625 0.585157815625 0.681118303125 0.5760857421875001 0.6775516078125 0.5672484453125 0.68058828125 0.5636930109375 0.662629703125 0.54634035 0.6941661578125 0.5519139078124999 0.7141920671875 0.5766803984375 0.732563278125
0 0.5498311499999999 0.639203696875 0.5353408515625 0.6418579703125 0.5254055656250001 0.6577681890625 0.5177231796874999 0.682349109375 0.5255988484375 0.7069602625 0.5362384671875 0.71086015 0.5512398109375 0.6788239078125 0.5517016515625001 0.653527396875 0.5498311499999999 0.639203696875
0 0.536914246875 0.1719812671875 0.5435288765624999 0.14471583906250002 0.5447744890624999 0.1195859234375 0.5459027125 0.09115432343749999 0.5348617234375 0.0814348390625 0.5195574203125 0.0994805734375 0.5027727265624999 0.1360528515625 0.5010955078125 0.1709212234375 0.5111066890625 0.20090139375 0.5238326125 0.214255753125 0.536914246875 0.1719812671875
0 0.47971555156249995 0.5759683578125 0.46774316718750003 0.578338646875 0.4571907046875 0.5932985000000001 0.4473235984375 0.616595859375 0.4499476390625 0.646644209375 0.458803909375 0.655080134375 0.4715902984375 0.6373183859375 0.4770387578125 0.6155393625000001 0.48070386718749997 0.5982963765625 0.47971555156249995 0.5759683578125
0 0.4842178078125 0.658843659375 0.49922686718750003 0.6653106671875 0.505527278125 0.6510853796875 0.5123766828125 0.6304233203125 0.504569196875 0.6131993062500001 0.49241124062499997 0.604880771875 0.48409270781249997 0.617038725 0.48032918281250003 0.6424526265625 0.4842178078125 0.658843659375
0 0.36880585625 0.4811248390625 0.357079509375 0.463067846875 0.3434411640625 0.4732758578125 0.3322412921875 0.5028433953125 0.340703903125 0.5439629703125 0.3556447796875 0.5430428359375 0.36662885 0.5183445265625 0.3690596078125 0.4992008046875 0.36880585625 0.4811248390625
0 0 0.6612617249999999 0.0033479046875 0.6696788828125 0.0207469359375 0.6864840921875001 0.026247809374999997 0.7099351203125 0.024678846875 0.7358154890625 0.041811324999999996 0.753874734375 0.0815648140625 0.751839053125 0.08996741875 0.7431395390625 0.09468664843749999 0.72710363125 0.08956141875 0.7142179921875 0.07899602812499999 0.714593634375 0.069575584375 0.7034164078125 0.0668493328125 0.67924445 0.057004871874999995 0.682394715625 0.0468634984375 0.6684428640625 0.05694415625 0.6456824046875 0.0514736390625 0.6405875328125 0.052618584375 0.629034659375 0.0682788484375 0.6231885 0.0663826171875 0.6136105921875 0.045597121875 0.6065711125 0.027695340625 0.6106301296875001 0.012331987499999999 0.6335784109375 0.0022997062499999998 0.6314459828125 0 0.6329394296874999 0 0.6612617249999999
0 1 0.464766884375 0.9813895531249999 0.4819025828125 0.9719730265625 0.5069340828125 0.9709432187499999 0.52719476875 0.960860309375 0.5553613578125 0.962700578125 0.5852431140625 0.9685883562500001 0.59222888125 0.9823440874999999 0.5853225546874999 0.9945625109374999 0.56252498125 1 0.54711136875 1 0.464766884375
0 0.8945812046875 0.747707459375 0.8786105187500001 0.7688882796875001 0.8824499390625 0.78936476875 0.8886217000000001 0.7988684484374999 0.918719259375 0.7921589515624999 0.9319562296875 0.77613134375 0.928930815625 0.7402633953125 0.918378353125 0.755223246875 0.9115402078124999 0.74885465625 0.9018017515625001 0.74842305 0.8945812046875 0.747707459375
0 0.9457007015625001 0.79625566875 0.9489804140625001 0.7925804015625 0.9618858390625 0.7318651484375 0.951122471875 0.7245008000000001 0.9435877093749999 0.7368253499999999 0.933720603125 0.760122709375 0.9343947 0.7954908703125 0.9457007015625001 0.79625566875
0 0.0665896234375 0.481602265625 0.0798645421875 0.488519853125 0.1043203609375 0.4543973046875 0.10611496875 0.42283061718750004 0.09780769375000001 0.4079579203125 0.0797507 0.41968426875000003 0.07216673125 0.43609427656250005 0.066600884375 0.4545716140625 0.0665896234375 0.481602265625