0 0.7015625 0.85625 0.0796875 0.1953125
0 0.7609375 0.7140625 0.06875 0.1109375
0 0.625 0.79453125 0.071875 0.1515625
0 0.55 0.8 0.059375 0.1109375
0 0.65546875 0.521875 0.09375 0.1859375
0 0.503125 0.61875 0.1078125 0.2671875
0 0.36640625 0.8046875 0.1671875 0.20625
0 0.30390625 0.29609375 0.2296875 0.5453125
0 0.8984375 0.86640625 0.0796875 0.1953125
0 0.8546875 0.71875 0.06875 0.1109375
0 0.9671875 0.81328125 0.0421875 0.15
0 0.96640625 0.5375 0.0671875 0.184375
0 0.0265625 0.78671875 0.053125 0.2015625
0 0.10078125 0.2859375 0.2015625 0.54375