0 0.646875 0.44375 0.0796875 0.221875
0 0.58203125 0.24609375 0.0546875 0.1359375
0 0.58515625 0.40703125 0.0578125 0.215625
0 0.57578125 0.5234375 0.0359375 0.1140625
0 0.51015625 0.37734375 0.028125 0.0890625
0 0.540625 0.0546875 0.09375 0.109375
0 0.45703125 0.26328125 0.03125 0.08125
0 0.48828125 0.4890625 0.025 0.0734375
0 0.634375 0.7203125 0.0265625 0.0640625
0 0.59609375 0.71171875 0.0234375 0.0640625
0 0.56875 0.665625 0.028125 0.078125
0 0.72265625 0.85390625 0.084375 0.2265625
0 0.70234375 0.434375 0.0796875 0.221875
0 0.69609375 0.22578125 0.0546875 0.1359375
0 0.025 0.50625 0.05 0.215625
0 0.7484375 0.378125 0.0578125 0.215625
0 0.07109375 0.6125 0.0359375 0.1140625
0 0.796875 0.484375 0.0359375 0.1140625
0 0.08203125 0.453125 0.028125 0.0890625
0 0.80859375 0.325 0.028125 0.0890625
0 0.665625 0.04375 0.09375 0.0875
0 0.09375 0.32734375 0.03125 0.08125
0 0.81953125 0.19921875 0.03125 0.08125
0 0.140625 0.55078125 0.025 0.0734375
0 0.8671875 0.42265625 0.025 0.0734375
0 0.08359375 0.81796875 0.0265625 0.0640625
0 0.809375 0.68984375 0.0265625 0.0640625
0 0.115625 0.79609375 0.0234375 0.0640625
0 0.8421875 0.66796875 0.0234375 0.0640625
0 0.12578125 0.74375 0.028125 0.078125
0 0.85234375 0.615625 0.028125 0.078125
0 0.771875 0.8453125 0.084375 0.2265625