0 0.63984375 0.5421875 0.071875 0.0375
0 0.8328125 0.7515625 0.1703125 0.128125
0 0.746875 0.77421875 0.0921875 0.0734375
0 0.6421875 0.659375 0.0984375 0.0671875
0 0.54375 0.6484375 0.1015625 0.065625
0 0.40546875 0.6296875 0.0828125 0.05
0 0.471875 0.7078125 0.0984375 0.0734375
0 0.60703125 0.74765625 0.1078125 0.0796875
0 0.54296875 0.77890625 0.1296875 0.053125
0 0.31796875 0.7171875 0.1328125 0.071875
0 0.53359375 0.5453125 0.0453125 0.0296875
0 0.5734375 0.53828125 0.0359375 0.0171875
0 0.471875 0.50390625 0.165625 0.1046875
0 0.21015625 0.5546875 0.34375 0.1953125
0 0.0515625 0.63125 0.103125 0.125
0 0.78984375 0.94453125 0.1703125 0.1109375
0 0.72109375 0.896875 0.0921875 0.0734375
0 0.578125 0.959375 0.0984375 0.0671875
0 0.48359375 0.9296875 0.1015625 0.065625
0 0.35 0.88984375 0.0828125 0.05
0 0.4421875 0.8453125 0.0984375 0.0734375
0 0.58203125 0.8640625 0.1078125 0.0796875
0 0.53671875 0.809375 0.1296875 0.053125
0 0.30546875 0.775 0.1328125 0.071875
0 0.15703125 0.8734375 0.3140625 0.184375
0 0.040625 0.7359375 0.08125 0.125