0 0.6796875 0.66484375 0.09375 0.1484375
0 0.6609375 0.553125 0.0546875 0.0875
0 0.51484375 0.75390625 0.08125 0.140625
0 0.54140625 0.5765625 0.04375 0.0734375
0 0.57421875 0.4546875 0.0390625 0.0828125
0 0.59921875 0.32734375 0.0328125 0.0515625
0 0.5609375 0.44375 0.04375 0.11875
0 0.478125 0.56875 0.0484375 0.0890625
0 0.41484375 0.80078125 0.021875 0.0359375
0 0.45390625 0.69140625 0.040625 0.06875
0 0.42734375 0.6328125 0.0203125 0.0328125
0 0.740625 0.24140625 0.1078125 0.2046875
0 0.91328125 0.71875 0.09375 0.1484375
0 0.971875 0.625 0.040625 0.084375