0 0.49453125 0.31171875 0.2015625 0.3453125
0 0.59765625 0.66953125 0.2578125 0.3765625
0 0.45625 0.76328125 0.0515625 0.0640625
0 0.3859375 0.71640625 0.053125 0.084375
0 0.41875 0.65390625 0.071875 0.0953125
0 0.321875 0.5625 0.05625 0.071875
0 0.2921875 0.45078125 0.028125 0.0953125
0 0.31953125 0.30859375 0.03125 0.053125
0 0.08828125 0.28359375 0.171875 0.34375
0 0.94296875 0.34296875 0.1140625 0.3421875
0 0.02421875 0.62734375 0.0484375 0.3640625
0 0.834375 0.6859375 0.2578125 0.3765625
0 0.0484375 0.734375 0.0515625 0.0640625
0 0.959375 0.79765625 0.046875 0.0640625
0 0.12421875 0.69765625 0.053125 0.084375
0 0.10078125 0.63203125 0.071875 0.0953125
0 0.209375 0.5546875 0.05625 0.071875
0 0.2546875 0.4484375 0.028125 0.0953125
0 0.24765625 0.30390625 0.03125 0.053125