0 0.48125 0.05546875 0.05 0.1109375
0 0.5234375 0.3625 0.028125 0.0515625
0 0.65234375 0.559375 0.0421875 0.0875
0 0.6265625 0.6546875 0.028125 0.090625
0 0.5890625 0.61796875 0.0203125 0.053125
0 0.61484375 0.51640625 0.0234375 0.0515625
0 0.46171875 0.49765625 0.046875 0.0890625
0 0.403125 0.4140625 0.0765625 0.165625
0 0.4984375 0.62265625 0.0234375 0.0453125
0 0.4296875 0.68671875 0.0703125 0.2046875
0 0.3265625 0.71796875 0.121875 0.184375
0 0.50546875 0.74921875 0.06875 0.1265625
0 0.92578125 0.53046875 0.0421875 0.0875
0 0.97109375 0.61875 0.028125 0.090625
0 0.99453125 0.575 0.0109375 0.053125
0 0.95390625 0.48046875 0.0234375 0.0515625
0 0.0296875 0.45390625 0.059375 0.1640625
0 0.05078125 0.7265625 0.0703125 0.2046875
0 0.15859375 0.73515625 0.121875 0.184375