0 0.175 0.65 0.35 0.165625
0 0.3578125 0.4359375 0.3375 0.125
0 0.1328125 0.39140625 0.265625 0.1453125
0 0.384375 0.3203125 0.146875 0.04375
0 0.79375 0.325 0.4078125 0.1171875
0 0.7078125 0.428125 0.3125 0.096875
0 0.840625 0.6328125 0.3140625 0.1953125
0 0.109375 0.2890625 0.21875 0.0515625
0 0.175 0.9109375 0.35 0.165625
0 0.3578125 0.03203125 0.3375 0.0640625
0 0.1328125 0.05859375 0.265625 0.1171875
0 0.384375 0.1171875 0.146875 0.04375
0 0.79375 0.1125 0.4078125 0.1171875
0 0.7078125 0.02890625 0.3125 0.0578125
0 0.83984375 0.91484375 0.3140625 0.1703125
0 0.109375 0.1484375 0.21875 0.0515625