0 0.66953125 0.51953125 0.2578125 0.2421875
0 0.64140625 0.296875 0.19375 0.25
0 0.771875 0.11953125 0.06875 0.08125
0 0.44765625 0.3515625 0.084375 0.1359375
0 0.390625 0.48671875 0.0625 0.103125
0 0.4625 0.5015625 0.1796875 0.29375
0 0.5125 0.3671875 0.046875 0.0734375
0 0.5125 0.43515625 0.0359375 0.0546875
0 0.48671875 0.784375 0.33125 0.3671875
0 0.87734375 0.57578125 0.2453125 0.2421875
0 0.96015625 0.3921875 0.0796875 0.2375
0 0.98046875 0.1796875 0.0390625 0.08125
0 0.07421875 0.25234375 0.08125 0.1359375
0 0.05546875 0.396875 0.0625 0.103125
0 0.0375 0.38515625 0.075 0.2703125
0 0.84765625 0.85703125 0.2078125 0.2859375