0 0.51484375 0.65703125 0.05 0.1078125
0 0.465625 0.63359375 0.0359375 0.078125
0 0.49296875 0.5234375 0.028125 0.06875
0 0.509375 0.41875 0.0296875 0.071875
0 0.440625 0.41015625 0.0328125 0.06875
0 0.45 0.2828125 0.0390625 0.0640625
0 0.58671875 0.5234375 0.078125 0.1578125
0 0.67578125 0.490625 0.075 0.109375
0 0.3203125 0.09375 0.0546875 0.1640625
0 0.3421875 0.48828125 0.03125 0.1109375
0 0.38203125 0.64921875 0.0234375 0.0671875
0 0.34375 0.72578125 0.028125 0.065625
0 0.36796875 0.7828125 0.028125 0.0578125
0 0.384375 0.86328125 0.034375 0.0984375
0 0.4296875 0.76484375 0.04375 0.096875
0 0.40703125 0.653125 0.0234375 0.0546875
0 0.37578125 0.246875 0.0234375 0.0578125
0 0.97890625 0.6734375 0.034375 0.1078125
0 0.01328125 0.6171875 0.0265625 0.078125
0 0.99609375 0.43671875 0.0078125 0.0703125
0 0.05 0.396875 0.0328125 0.06875
0 0.05 0.26875 0.0390625 0.0640625
0 0.92421875 0.53515625 0.078125 0.1578125
0 0.8375 0.49609375 0.075 0.109375
0 0.1921875 0.0890625 0.0546875 0.1640625
0 0.14296875 0.48125 0.03125 0.1109375
0 0.09140625 0.6390625 0.0234375 0.0671875
0 0.125 0.71796875 0.028125 0.065625
0 0.09609375 0.7734375 0.028125 0.0578125
0 0.075 0.85234375 0.034375 0.0984375
0 0.0359375 0.75078125 0.04375 0.096875
0 0.06640625 0.64140625 0.0234375 0.0546875
0 0.12578125 0.23828125 0.0234375 0.0578125