0 0.484375 0.6453125 0.0359375 0.071875
0 0.60078125 0.9046875 0.1265625 0.16875
0 0.65625 0.834375 0.071875 0.090625
0 0.59140625 0.69296875 0.065625 0.0984375
0 0.61953125 0.59765625 0.0640625 0.1015625
0 0.65703125 0.46328125 0.0484375 0.08125
0 0.70234375 0.55546875 0.071875 0.0984375
0 0.68671875 0.6953125 0.078125 0.10625
0 0.73984375 0.6484375 0.0515625 0.1296875
0 0.77109375 0.4171875 0.0703125 0.1328125
0 0.52890625 0.5484375 0.0296875 0.0453125
0 0.50625 0.58203125 0.0171875 0.0359375
0 0.5140625 0.47578125 0.103125 0.1640625
0 0.6640625 0.2546875 0.190625 0.3421875
0 0.8046875 0.11875 0.121875 0.1453125
0 0.80390625 0.9296875 0.1265625 0.140625
0 0.77890625 0.85859375 0.071875 0.090625
0 0.8921875 0.7515625 0.065625 0.0984375
0 0.9015625 0.653125 0.0640625 0.1015625
0 0.9171875 0.5140625 0.0484375 0.08125
0 0.840625 0.58203125 0.071875 0.0984375
0 0.803125 0.71796875 0.078125 0.10625
0 0.77109375 0.6546875 0.0515625 0.1296875
0 0.82890625 0.42890625 0.0703125 0.1328125
0 0.946875 0.3171875 0.10625 0.340625
0 0.909375 0.13828125 0.121875 0.1453125