0 0.6546875 0.59375 0.0984375 0.228125
0 0.771875 0.36875 0.1 0.1375
0 0.609375 0.434375 0.05625 0.1171875
0 0.55390625 0.4609375 0.0453125 0.0953125
0 0.575 0.57734375 0.0453125 0.096875
0 0.49765625 0.5828125 0.0328125 0.0859375
0 0.49453125 0.38359375 0.04375 0.1640625
0 0.53203125 0.278125 0.0375 0.0984375
0 0.45234375 0.47109375 0.0265625 0.0890625
0 0.57890625 0.9265625 0.0765625 0.146875
0 0.528125 0.87421875 0.040625 0.1015625
0 0.5 0.8234375 0.046875 0.115625
0 0.453125 0.753125 0.0234375 0.06875
0 0.43359375 0.68515625 0.0234375 0.0703125
0 0.4 0.7265625 0.03125 0.1078125
0 0.37890625 0.59453125 0.028125 0.103125
0 0.3921875 0.63671875 0.0203125 0.065625
0 0.415625 0.48125 0.01875 0.0578125
0 0.97578125 0.3875 0.0484375 0.134375