0 0.78203125 0.0875 0.0890625 0.1203125
0 0.8171875 0.22421875 0.046875 0.1625
0 0.76328125 0.45703125 0.115625 0.3171875
0 0.71640625 0.83984375 0.1171875 0.3203125
0 0.6375 0.5953125 0.1296875 0.24375
0 0.58984375 0.309375 0.1265625 0.25625
0 0.421875 0.66328125 0.2765625 0.4796875
0 0.38046875 0.15 0.2328125 0.3
0 0.9125 0.10390625 0.0890625 0.1203125
0 0.8453125 0.22734375 0.046875 0.1625
0 0.84140625 0.46640625 0.115625 0.3171875
0 0.79296875 0.84453125 0.1171875 0.3109375
0 0.9296875 0.63125 0.1296875 0.24375
0 0.99140625 0.36015625 0.0171875 0.2484375
0 0.0453125 0.6140625 0.090625 0.4625
0 0.13125 0.13359375 0.209375 0.2671875