0 0.1703125 0.40859375 0.340625 0.2234375
0 0.37109375 0.5875 0.3546875 0.18125
0 0.15703125 0.67109375 0.2875 0.1890625
0 0.4171875 0.696875 0.1515625 0.06875
0 0.80390625 0.62109375 0.3921875 0.1859375
0 0.7171875 0.534375 0.325 0.15
0 0.8125 0.31015625 0.34375 0.246875
0 0.1515625 0.77578125 0.225 0.0890625
0 0.14765625 0.15078125 0.2953125 0.2234375
0 0.440625 0.9625 0.34375 0.075
0 0.2140625 0.95859375 0.28125 0.0828125
0 0.45234375 0.896875 0.1515625 0.06875
0 0.82265625 0.83046875 0.3546875 0.1859375
0 0.78671875 0.928125 0.3171875 0.1109375
0 0.76171875 0.071875 0.3390625 0.14375
0 0.1765625 0.9140625 0.225 0.0890625