0 0.2359375 0.61796875 0.1875 0.2734375
0 0.49609375 0.6515625 0.090625 0.2125
0 0.57109375 0.76015625 0.05625 0.1828125
0 0.63125 0.778125 0.0421875 0.1234375
0 0.6625 0.70390625 0.0359375 0.1078125
0 0.68828125 0.659375 0.028125 0.096875
0 0.715625 0.72890625 0.0265625 0.065625
0 0.58046875 0.44453125 0.0484375 0.125
0 0.615625 0.45234375 0.0390625 0.0890625
0 0.64921875 0.54921875 0.0296875 0.075
0 0.653125 0.39921875 0.034375 0.090625
0 0.6234375 0.34453125 0.028125 0.0640625
0 0.33046875 0.0609375 0.0921875 0.121875