0 0.4203125 0.6625 0.221875 0.0796875
0 0.6546875 0.759375 0.1296875 0.0890625
0 0.575 0.603125 0.1140625 0.046875
0 0.54375 0.55 0.0921875 0.0375
0 0.4296875 0.58125 0.09375 0.0375
0 0.4171875 0.5046875 0.084375 0.025
0 0.615625 0.484375 0.1625 0.0296875
0 0.7234375 0.5125 0.096875 0.0296875
0 0.525 0.45 0.0875 0.01875
0 0.0765625 0.61640625 0.153125 0.0640625
0 0.1296875 0.5609375 0.1 0.03125
0 0.178125 0.528125 0.1125 0.0375
0 0.24375 0.475 0.0671875 0.0171875
0 0.309375 0.45 0.06875 0.0171875
0 0.265625 0.4203125 0.10625 0.021875
0 0.3953125 0.3875 0.1015625 0.01875
0 0.3546875 0.4046875 0.0640625 0.0140625
0 0.5109375 0.4140625 0.05625 0.0140625
0 0.65390625 0.97265625 0.1296875 0.0546875