0 0.60234375 0.32734375 0.209375 0.271875
0 0.85546875 0.65625 0.2890625 0.45
0 0.91953125 0.17578125 0.1359375 0.3359375
0 0.721875 0.07578125 0.14375 0.1515625
0 0.46328125 0.66171875 0.1828125 0.396875
0 0.3734375 0.3203125 0.0734375 0.15625
0 0.41640625 0.12734375 0.1078125 0.14375
0 0.4875 0.0296875 0.0625 0.053125
0 0.1765625 0.38984375 0.0609375 0.15625
0 0.2796875 0.53046875 0.071875 0.1921875
0 0.22265625 0.61328125 0.040625 0.084375
0 0.24375 0.7984375 0.078125 0.1953125
0 0.115625 0.32734375 0.040625 0.1015625
0 0.10234375 0.43515625 0.0453125 0.134375
0 0.16484375 0.67890625 0.078125 0.2484375
0 0.0546875 0.27265625 0.078125 0.1828125
0 0.3390625 0.44140625 0.0609375 0.1390625
0 0.271875 0.32421875 0.0390625 0.0640625
0 0.7328125 0.94765625 0.1109375 0.0859375