0 0.45546875 0.28203125 0.128125 0.134375
0 0.29453125 0.515625 0.153125 0.2234375
0 0.4171875 0.6171875 0.075 0.06875
0 0.6328125 0.50390625 0.0484375 0.0984375
0 0.5203125 0.52890625 0.1671875 0.1546875
0 0.6453125 0.5859375 0.096875 0.0703125
0 0.6890625 0.51953125 0.021875 0.053125
0 0.01328125 0.30546875 0.0265625 0.1296875
0 0.14765625 0.5234375 0.153125 0.2234375
0 0.0390625 0.63671875 0.06875 0.06875
0 0.9328125 0.48828125 0.0484375 0.0984375
0 0.98203125 0.50390625 0.0359375 0.1484375
0 0.9296875 0.57109375 0.096875 0.0703125
0 0.87890625 0.51015625 0.021875 0.053125