0 0.3796875 0.7125 0.1375 0.0640625
0 0.484375 0.66875 0.08125 0.0375
0 0.25625 0.571875 0.1328125 0.053125
0 0.434375 0.5578125 0.06875 0.0296875
0 0.5609375 0.5625 0.0796875 0.021875
0 0.690625 0.5578125 0.0484375 0.021875
0 0.56875 0.546875 0.1171875 0.0171875
0 0.428125 0.49375 0.084375 0.0296875
0 0.1875 0.484375 0.034375 0.0140625
0 0.303125 0.4984375 0.0640625 0.0265625
0 0.3546875 0.459375 0.0296875 0.0140625
0 0.80625 0.6765625 0.1953125 0.065625
0 0.3796875 0.9515625 0.1375 0.0640625
0 0.484375 0.98828125 0.08125 0.0234375
0 0.80546875 0.97734375 0.1953125 0.0453125