0 0.525 0.66875 0.19375 0.215625
0 0.7328125 0.584375 0.2203125 0.1421875
0 0.9375 0.6640625 0.0703125 0.0515625
0 0.6296875 0.4109375 0.1265625 0.053125
0 0.484375 0.390625 0.096875 0.0390625
0 0.4890625 0.4640625 0.2734375 0.1125
0 0.63125 0.478125 0.0671875 0.03125
0 0.565625 0.4953125 0.05 0.0234375
0 0.221875 0.5609375 0.3109375 0.259375
0 0.525 0.890625 0.19375 0.215625
0 0.73203125 0.9515625 0.2203125 0.096875
0 0.9375 0.8953125 0.0703125 0.0515625
0 0.62890625 0.025 0.1265625 0.05
0 0.484375 0.04375 0.096875 0.0390625
0 0.48828125 0.01328125 0.2734375 0.0265625
0 0.22109375 0.934375 0.3109375 0.13125