0 0.3265625 0.5765625 0.0984375 0.2421875
0 0.22265625 0.25 0.0578125 0.1828125
0 0.29609375 0.25 0.1 0.24375
0 0.40703125 0.4375 0.090625 0.1796875
0 0.49609375 0.65234375 0.0921875 0.20625
0 0.7015625 0.79296875 0.1859375 0.315625
0 0.57109375 0.34140625 0.2015625 0.39375
0 0.3171875 0.775 0.059375 0.15
0 0.38125 0.915625 0.078125 0.16875
0 0.24921875 0.70234375 0.046875 0.165625
0 0.12109375 0.59453125 0.0984375 0.2421875
0 0.16640625 0.2546875 0.0578125 0.1828125
0 0.09375 0.2671875 0.1 0.24375
0 0.03125 0.4703125 0.0625 0.178125
0 0.90859375 0.775 0.1828125 0.315625
0 0.9296875 0.31015625 0.140625 0.3890625
0 0.16484375 0.78828125 0.059375 0.15
0 0.1265625 0.9265625 0.078125 0.146875
0 0.21796875 0.7046875 0.046875 0.165625