0 0.28359375 0.5515625 0.1375 0.1328125
0 0.52265625 0.7046875 0.2265625 0.1609375
0 0.61953125 0.57890625 0.071875 0.0765625
0 0.49921875 0.36640625 0.1 0.0515625
0 0.528125 0.47890625 0.1609375 0.171875
0 0.58125 0.3515625 0.0734375 0.0984375
0 0.51328125 0.3109375 0.053125 0.0234375
0 0.321875 0.98828125 0.13125 0.0234375
0 0.53515625 0.8515625 0.2265625 0.1609375
0 0.653125 0.95546875 0.071875 0.071875
0 0.4734375 0.06796875 0.1 0.0515625
0 0.48671875 0.01875 0.1484375 0.0375
0 0.55625 0.06875 0.0734375 0.0984375
0 0.496875 0.12109375 0.053125 0.0234375