0 0.18359375 0.6671875 0.3578125 0.184375
0 0.3546875 0.44375 0.34375 0.1421875
0 0.13203125 0.4109375 0.2640625 0.159375
0 0.375 0.3265625 0.1484375 0.0515625
0 0.784375 0.31015625 0.4140625 0.1390625
0 0.70390625 0.4171875 0.3171875 0.1125
0 0.8421875 0.61484375 0.315625 0.2109375
0 0.1046875 0.309375 0.209375 0.0625
0 0.19609375 0.9171875 0.3578125 0.165625
0 0.3328125 0.03984375 0.340625 0.0796875
0 0.12265625 0.078125 0.2453125 0.13125
0 0.36484375 0.1234375 0.1484375 0.0515625
0 0.7734375 0.09765625 0.4140625 0.1390625
0 0.6828125 0.02734375 0.315625 0.0546875
0 0.85 0.89609375 0.3 0.1859375
0 0.10078125 0.16875 0.2015625 0.0625