0 0.31171875 0.50625 0.35625 0.221875
0 0.67578125 0.5828125 0.3875 0.2796875
0 0.759375 0.43828125 0.06875 0.0546875
0 0.70703125 0.36953125 0.0875 0.0578125
0 0.646875 0.40859375 0.1 0.0796875
0 0.55 0.31640625 0.075 0.0609375
0 0.43828125 0.29375 0.0953125 0.034375
0 0.2953125 0.3328125 0.0546875 0.0359375
0 0.2546875 0.103125 0.3515625 0.190625
0 0.375 0.94296875 0.346875 0.1140625
0 0.59375 0.0265625 0.3625 0.053125
0 0.709375 0.82421875 0.3875 0.2796875
0 0.70234375 0.0296875 0.06875 0.0546875
0 0.8296875 0.9375 0.0671875 0.05
0 0.67109375 0.11015625 0.0875 0.0578125
0 0.6015625 0.08984375 0.1 0.0796875
0 0.534375 0.2046875 0.075 0.0609375
0 0.4328125 0.25703125 0.0953125 0.034375
0 0.284375 0.25859375 0.0546875 0.0359375