0 0.440625 0.78671875 0.04375 0.0640625
0 0.3828125 0.6015625 0.0875 0.2546875
0 0.6421875 0.13984375 0.228125 0.2640625
0 0.828125 0.09609375 0.1546875 0.1203125
0 0.71796875 0.59296875 0.234375 0.39375
0 0.58515625 0.77265625 0.059375 0.084375
0 0.51953125 0.5265625 0.0734375 0.1359375
0 0.5984375 0.3984375 0.0359375 0.0625
0 0.46875 0.32890625 0.0375 0.0625
0 0.43125 0.69296875 0.0609375 0.1171875
0 0.4796875 0.71796875 0.0296875 0.05
0 0.5203125 0.84140625 0.0453125 0.059375
0 0.6359375 0.821875 0.0484375 0.0640625
0 0.396875 0.36328125 0.0546875 0.1703125
0 0.9484375 0.11953125 0.103125 0.1203125
0 0.9046875 0.62265625 0.190625 0.3890625
0 0.93046875 0.86875 0.04375 0.0640625