0 0.53984375 0.334375 0.2125 0.23125
0 0.7390625 0.4359375 0.23125 0.1609375
0 0.95 0.375 0.075 0.0578125
0 0.62109375 0.6 0.13125 0.0640625
0 0.475 0.6078125 0.1 0.046875
0 0.4859375 0.53515625 0.2828125 0.1359375
0 0.62890625 0.53359375 0.0703125 0.0375
0 0.56484375 0.51015625 0.0515625 0.028125
0 0.228125 0.41484375 0.3328125 0.2859375
0 0.5578125 0.1140625 0.2125 0.228125
0 0.7703125 0.0703125 0.228125 0.115625
0 0.96640625 0.14453125 0.0671875 0.0578125
0 0.58671875 0.9765625 0.1296875 0.046875
0 0.44453125 0.953125 0.1 0.046875
0 0.4453125 0.97890625 0.275 0.0421875
0 0.259375 0.0609375 0.321875 0.121875