0 0.38515625 0.55078125 0.0671875 0.04375
0 0.3828125 0.5921875 0.0453125 0.0296875
0 0.35390625 0.3921875 0.053125 0.0359375
0 0.31875 0.29453125 0.071875 0.0484375
0 0.42578125 0.20703125 0.1703125 0.1515625
0 0.76015625 0.3171875 0.04375 0.053125
0 0.590625 0.30078125 0.046875 0.0546875
0 0.52734375 0.57890625 0.0390625 0.025
0 0.709375 0.59921875 0.1125 0.046875
0 0.8125 0.53828125 0.0328125 0.028125
0 0.77265625 0.515625 0.0328125 0.025
0 0.8390625 0.43125 0.0578125 0.0296875
0 0.82890625 0.46015625 0.0453125 0.0203125
0 0.62421875 0.4140625 0.0484375 0.03125
0 0.6609375 0.36640625 0.03125 0.028125
0 0.54375 0.059375 0.096875 0.11875
0 0.959375 0.3 0.04375 0.053125
0 0.94609375 0.5265625 0.0328125 0.028125
0 0.98125 0.496875 0.0328125 0.025
0 0.9015625 0.42578125 0.0578125 0.0296875
0 0.91640625 0.45234375 0.0453125 0.0203125