0 0.5125 0.375 0.053125 0.071875
0 0.55078125 0.36015625 0.0359375 0.0484375
0 0.35234375 0.39453125 0.0421875 0.05625
0 0.2484375 0.39140625 0.05625 0.0765625
0 0.1984375 0.5203125 0.1703125 0.1859375
0 0.40625 0.80390625 0.0578125 0.05
0 0.33828125 0.64765625 0.059375 0.053125
0 0.58359375 0.5015625 0.0296875 0.0421875
0 0.659375 0.66875 0.0609375 0.115625
0 0.6328125 0.78515625 0.03125 0.0359375
0 0.59921875 0.7546875 0.028125 0.0359375
0 0.5390625 0.84375 0.0375 0.0609375
0 0.5640625 0.825 0.0265625 0.046875
0 0.45625 0.64453125 0.0359375 0.0515625
0 0.42265625 0.69453125 0.03125 0.034375
0 0.0921875 0.67890625 0.134375 0.1109375
0 0.45078125 0.98671875 0.0578125 0.0265625
0 0.66328125 0.91640625 0.03125 0.0359375
0 0.64609375 0.95859375 0.028125 0.0359375
0 0.553125 0.9046875 0.0375 0.0609375
0 0.58359375 0.91015625 0.0265625 0.046875