0 0.50625 0.3578125 0.0859375 0.05625
0 0.57890625 0.3046875 0.05 0.0359375
0 0.57421875 0.44296875 0.0734375 0.06875
0 0.4734375 0.53828125 0.1015625 0.0375
0 0.4953125 0.5078125 0.0703125 0.021875
0 0.73828125 0.56953125 0.0578125 0.0765625
0 0.7796875 0.6765625 0.0890625 0.103125
0 0.69453125 0.43671875 0.0453125 0.046875
0 0.65859375 0.35078125 0.0578125 0.0546875
0 0.46875 0.41796875 0.0390625 0.0203125
0 0.46171875 0.4421875 0.0390625 0.0140625
0 0.48515625 0.39609375 0.028125 0.015625
0 0.515625 0.27421875 0.034375 0.015625
0 0.56953125 0.02109375 0.05 0.0359375
0 0.7890625 0.95390625 0.0890625 0.075
0 0.5078125 0.05546875 0.034375 0.015625