0 0.5375 0.7328125 0.2546875 0.4390625
0 0.39296875 0.72890625 0.0421875 0.0796875
0 0.66015625 0.9125 0.146875 0.15
0 0.6625 0.39453125 0.11875 0.1578125
0 0.76875 0.36484375 0.1015625 0.1015625
0 0.7671875 0.24453125 0.1140625 0.1375
0 0.67265625 0.2046875 0.109375 0.175
0 0.61875 0.1390625 0.1390625 0.2484375
0 0.5203125 0.28828125 0.0671875 0.09375
0 0.49765625 0.2234375 0.071875 0.1375
0 0.546875 0.4078125 0.1203125 0.1625
0 0.44609375 0.51015625 0.0578125 0.078125
0 0.77890625 0.10546875 0.103125 0.115625
0 0.63828125 0.53984375 0.08125 0.078125
0 0.91484375 0.80703125 0.1390625 0.3859375
0 0.784375 0.9328125 0.146875 0.134375
0 0.975 0.4703125 0.05 0.15
0 0.9265625 0.4015625 0.1015625 0.1015625
0 0.96171875 0.29375 0.0765625 0.1375
0 0.959375 0.61484375 0.065625 0.075