0 0.28125 0.5890625 0.4125 0.165625
0 0.253125 0.446875 0.0765625 0.025
0 0.134375 0.7484375 0.1265625 0.121875
0 0.6390625 0.634375 0.140625 0.0890625
0 0.6921875 0.73125 0.084375 0.084375
0 0.809375 0.703125 0.1203125 0.0890625
0 0.8265625 0.6015625 0.1625 0.075
0 0.878125 0.534375 0.234375 0.0890625
0 0.7109375 0.471875 0.084375 0.05
0 0.76875 0.4359375 0.13125 0.04375
0 0.6 0.525 0.1453125 0.090625
0 0.478125 0.45 0.0703125 0.04375
0 0.946875 0.6828125 0.1 0.0828125
0 0.4921875 0.64375 0.0640625 0.06875
0 0.28125 0.9765625 0.4125 0.046875
0 0.134375 0.8765625 0.1265625 0.121875
0 0.6390625 0.97265625 0.140625 0.0546875
0 0.6921875 0.89375 0.084375 0.084375
0 0.809375 0.921875 0.1203125 0.0890625
0 0.946875 0.9421875 0.1 0.0828125
0 0.49140625 0.9734375 0.0640625 0.053125