0 0.41015625 0.72734375 0.1453125 0.0828125
0 0.5078125 0.66953125 0.0859375 0.0484375
0 0.26875 0.60546875 0.1390625 0.0703125
0 0.44296875 0.56640625 0.071875 0.0390625
0 0.56875 0.553125 0.08125 0.0328125
0 0.696875 0.53046875 0.0515625 0.028125
0 0.57421875 0.53671875 0.11875 0.0328125
0 0.428125 0.50390625 0.0875 0.040625
0 0.18828125 0.528125 0.0359375 0.01875
0 0.3046875 0.52578125 0.0671875 0.0359375
0 0.35078125 0.4796875 0.03125 0.01875
0 0.828125 0.63203125 0.203125 0.0921875
0 0.44296875 0.9609375 0.1453125 0.078125
0 0.5515625 0.984375 0.084375 0.03125
0 0.86875 0.93046875 0.2 0.071875