0 0.215625 0.56953125 0.0640625 0.0453125
0 0.40234375 0.62109375 0.2546875 0.0953125
0 0.85546875 0.3453125 0.26875 0.2359375
0 0.8921875 0.1578125 0.125 0.1578125
0 0.39921875 0.2859375 0.396875 0.2453125
0 0.22421875 0.425 0.0859375 0.0625
0 0.47265625 0.48125 0.1375 0.0765625
0 0.59765625 0.3984375 0.0640625 0.0375
0 0.671875 0.52578125 0.0640625 0.0390625
0 0.309375 0.575 0.1171875 0.0640625
0 0.2828125 0.528125 0.05 0.0296875
0 0.1578125 0.49140625 0.0609375 0.046875
0 0.1734375 0.37578125 0.065625 0.05
0 0.63984375 0.5984375 0.1703125 0.059375
0 0.8625 0.0453125 0.125 0.090625
0 0.36171875 0.1 0.3921875 0.2
0 0.11640625 0.0828125 0.0640625 0.0453125