0 0.5734375 0.27578125 0.19375 0.4234375
0 0.4296875 0.2578125 0.0296875 0.078125
0 0.72265625 0.11796875 0.1296875 0.134375
0 0.64375 0.6296875 0.0984375 0.146875
0 0.74375 0.67578125 0.090625 0.090625
0 0.72421875 0.79453125 0.096875 0.1265625
0 0.62421875 0.81875 0.0859375 0.1671875
0 0.5609375 0.875 0.1046875 0.240625
0 0.48671875 0.7125 0.05625 0.0875
0 0.4546875 0.77265625 0.053125 0.134375
0 0.53203125 0.59765625 0.1 0.1515625
0 0.4484375 0.48203125 0.0484375 0.0734375
0 0.71328125 0.9328125 0.0890625 0.10625
0 0.64296875 0.48203125 0.0734375 0.06875
0 0.96015625 0.2484375 0.075 0.4140625
0 0.85 0.109375 0.1296875 0.134375
0 0.97421875 0.6046875 0.0515625 0.14375
0 0.90625 0.6640625 0.090625 0.090625
0 0.9421875 0.77890625 0.096875 0.1265625
0 0.9640625 0.9140625 0.071875 0.10625
0 0.97109375 0.45859375 0.0578125 0.0671875