0 0.05625 0.2703125 0.1125 0.0765625
0 0.1875 0.21875 0.1609375 0.028125
0 0.425 0.24375 0.309375 0.078125
0 0.8140625 0.24375 0.31875 0.0796875
0 0.578125 0.3515625 0.2328125 0.1015625
0 0.3 0.434375 0.246875 0.096875
0 0.671875 0.5578125 0.45625 0.221875
0 0.153125 0.6625 0.30625 0.196875
0 0.05625 0.1390625 0.1125 0.0765625
0 0.1875 0.190625 0.1609375 0.028125
0 0.425 0.165625 0.309375 0.078125
0 0.8140625 0.165625 0.31875 0.0796875
0 0.578125 0.0578125 0.2328125 0.1015625
0 0.3 0.01171875 0.246875 0.0234375
0 0.671875 0.959375 0.45625 0.08125
0 0.153125 0.91328125 0.30625 0.1734375