0 0.4453125 0.64765625 0.0703125 0.1140625
0 0.4984375 0.6375 0.0484375 0.08125
0 0.50078125 0.52421875 0.040625 0.071875
0 0.5125 0.41953125 0.0421875 0.075
0 0.58046875 0.42890625 0.0453125 0.071875
0 0.6046875 0.303125 0.05 0.06875
0 0.41015625 0.5 0.10625 0.1671875
0 0.3328125 0.4453125 0.09375 0.1203125
0 0.77890625 0.15390625 0.084375 0.16875
0 0.65546875 0.5296875 0.0515625 0.1125
0 0.575 0.67421875 0.0359375 0.0703125
0 0.59296875 0.75859375 0.040625 0.06875
0 0.55390625 0.8078125 0.0390625 0.0609375
0 0.51796875 0.88125 0.0515625 0.1015625
0 0.49921875 0.77421875 0.0609375 0.1015625
0 0.55 0.671875 0.034375 0.0578125
0 0.68515625 0.2875 0.034375 0.0609375
0 0.01015625 0.54296875 0.0203125 0.1109375
0 0.9421875 0.740625 0.046875 0.08125
0 0.034375 0.31015625 0.0234375 0.0703125
0 0.9609375 0.51640625 0.0453125 0.071875
0 0.984375 0.3921875 0.03125 0.06875
0 0.08125 0.42421875 0.10625 0.1671875
0 0.175 0.40859375 0.09375 0.1203125
0 0.90390625 0.1828125 0.084375 0.16875
0 0.85 0.57421875 0.0515625 0.1125
0 0.85859375 0.73984375 0.0359375 0.0703125
0 0.80546875 0.8078125 0.040625 0.06875
0 0.81875 0.86875 0.0390625 0.0609375
0 0.81953125 0.95 0.0515625 0.1
0 0.8828125 0.8625 0.0609375 0.1015625
0 0.88203125 0.7484375 0.034375 0.0578125
0 0.92890625 0.34375 0.034375 0.0609375