0 0.38125 0.459375 0.0640625 0.0390625
0 0.375 0.41875 0.04375 0.0265625
0 0.3640625 0.6203125 0.05 0.03125
0 0.3375 0.7203125 0.06875 0.0421875
0 0.4515625 0.7984375 0.159375 0.1375
0 0.775 0.659375 0.0390625 0.05
0 0.6078125 0.690625 0.0421875 0.0515625
0 0.5203125 0.41875 0.0375 0.021875
0 0.7 0.3828125 0.109375 0.0375
0 0.8078125 0.434375 0.03125 0.025
0 0.7703125 0.4609375 0.03125 0.021875
0 0.84375 0.5390625 0.05625 0.025
0 0.83125 0.5109375 0.04375 0.0171875
0 0.63125 0.575 0.046875 0.0265625
0 0.671875 0.61875 0.0296875 0.025
0 0.5828125 0.9375 0.0875 0.1171875
0 0.975 0.659375 0.0390625 0.05
0 0.9421875 0.434375 0.03125 0.025
0 0.9796875 0.4609375 0.03125 0.021875
0 0.90625 0.5390625 0.05625 0.025
0 0.91875 0.5109375 0.04375 0.0171875