0 0.634375 0.45234375 0.0734375 0.0953125
0 0.66328125 0.3671875 0.0453125 0.05625
0 0.5328125 0.41171875 0.08125 0.0859375
0 0.47109375 0.53671875 0.059375 0.10625
0 0.49375 0.50625 0.0359375 0.0734375
0 0.36328125 0.2921875 0.0859375 0.071875
0 0.25 0.284375 0.11875 0.109375
0 0.503125 0.2953125 0.0546875 0.0546875
0 0.59609375 0.3046875 0.065625 0.06875
0 0.5875 0.50546875 0.028125 0.0421875
0 0.56640625 0.51953125 0.021875 0.040625
0 0.60390625 0.48359375 0.0203125 0.03125
0 0.7109375 0.41875 0.021875 0.0375
0 0.93828125 0.29375 0.0453125 0.05625
0 0.01328125 0.35703125 0.0265625 0.1015625
0 0.92265625 0.3625 0.021875 0.0375