0 0.3375 0.55078125 0.24375 0.225
0 0.453125 0.74296875 0.175 0.2390625
0 0.40625 0.9578125 0.0625 0.078125
0 0.60859375 0.6140625 0.071875 0.1328125
0 0.60546875 0.4671875 0.053125 0.1015625
0 0.53359375 0.48359375 0.153125 0.2875
0 0.5421875 0.6265625 0.040625 0.071875
0 0.51484375 0.5640625 0.03125 0.053125
0 0.39609375 0.23515625 0.3046875 0.3484375
0 0.11953125 0.5859375 0.2390625 0.225
0 0.090625 0.8 0.1296875 0.2328125
0 0.178125 0.97734375 0.0625 0.0453125
0 0.97734375 0.55234375 0.0453125 0.1328125
0 0.9484375 0.41328125 0.053125 0.1015625
0 0.971875 0.4125 0.05625 0.275
0 0.0578125 0.2921875 0.115625 0.328125