0 0.46328125 0.28046875 0.1234375 0.1296875
0 0.29375 0.50859375 0.1453125 0.21875
0 0.41328125 0.6140625 0.0734375 0.0671875
0 0.6328125 0.50859375 0.0453125 0.096875
0 0.51953125 0.5296875 0.1625 0.15
0 0.6421875 0.59140625 0.0953125 0.0671875
0 0.68828125 0.5265625 0.0203125 0.0515625
0 0.015625 0.2875 0.03125 0.128125
0 0.146875 0.5109375 0.1453125 0.21875
0 0.03515625 0.6203125 0.0671875 0.0671875
0 0.9328125 0.503125 0.0453125 0.096875
0 0.9828125 0.5203125 0.034375 0.146875
0 0.9265625 0.5859375 0.0953125 0.0671875
0 0.87890625 0.5234375 0.0203125 0.0515625