0 0.63828125 0.38359375 0.13125 0.234375
0 0.7890625 0.5875 0.1171875 0.146875
0 0.61796875 0.54765625 0.0734375 0.121875
0 0.559375 0.53046875 0.059375 0.0984375
0 0.56171875 0.4125 0.059375 0.1
0 0.484375 0.41875 0.0453125 0.0875
0 0.5125 0.615625 0.06875 0.165625
0 0.56640625 0.7140625 0.0515625 0.1015625
0 0.4578125 0.53671875 0.0390625 0.0890625
0 0.51015625 0.07109375 0.0984375 0.1421875
0 0.46953125 0.12578125 0.0546875 0.1046875
0 0.44921875 0.18125 0.0640625 0.11875
0 0.4140625 0.25703125 0.0328125 0.06875
0 0.40546875 0.32734375 0.0328125 0.0703125
0 0.365625 0.2921875 0.046875 0.1078125
0 0.365625 0.42578125 0.0421875 0.103125
0 0.37265625 0.38203125 0.0296875 0.065625
0 0.41953125 0.53125 0.0265625 0.0578125
0 0.9765625 0.53515625 0.046875 0.1390625