0 0.525 0.74453125 0.121875 0.2171875
0 0.63984375 0.534375 0.1125 0.175
0 0.725 0.68984375 0.1359375 0.1578125
0 0.86796875 0.33828125 0.0625 0.1171875
0 0.4328125 0.81640625 0.0546875 0.084375
0 0.39609375 0.89921875 0.0515625 0.090625
0 0.43359375 0.6265625 0.0625 0.134375
0 0.41015625 0.73515625 0.040625 0.0796875
0 0.3765625 0.7421875 0.0296875 0.046875
0 0.5546875 0.25 0.0390625 0.090625
0 0.61640625 0.0515625 0.0625 0.0765625
0 0.90390625 0.728125 0.1359375 0.1578125
0 0.915625 0.3484375 0.0625 0.1171875