0 0.34375 0.52265625 0.1078125 0.0484375
0 0.36484375 0.47265625 0.0765625 0.034375
0 0.4765625 0.49453125 0.0671875 0.028125
0 0.58125 0.5046875 0.0703125 0.028125
0 0.58671875 0.4359375 0.0671875 0.0328125
0 0.71484375 0.43828125 0.0625 0.0390625
0 0.48125 0.5875 0.15625 0.0765625
0 0.51875 0.675 0.1078125 0.0734375
0 0.896875 0.29921875 0.1640625 0.0515625
0 0.503125 0.3421875 0.109375 0.0296875
0 0.3453125 0.38984375 0.0671875 0.0234375
0 0.26640625 0.35546875 0.0640625 0.028125
0 0.21015625 0.3828125 0.05625 0.028125
0 0.13125 0.403125 0.096875 0.0328125
0 0.23203125 0.44375 0.0953125 0.0421875
0 0.3421875 0.415625 0.0546875 0.0234375
0 0.74609375 0.3625 0.0578125 0.0234375
0 0.3515625 0.98515625 0.10625 0.0296875
0 0.35625 0.0171875 0.0765625 0.03125
0 0.5890625 0.99453125 0.0703125 0.009375
0 0.5796875 0.0453125 0.0671875 0.0328125
0 0.7078125 0.03828125 0.0625 0.0390625
0 0.48671875 0.925 0.15625 0.0765625
0 0.521875 0.8375 0.1078125 0.0734375
0 0.89453125 0.17109375 0.1640625 0.0515625
0 0.5 0.1421875 0.109375 0.0296875
0 0.33984375 0.09921875 0.0671875 0.0234375
0 0.2625 0.13671875 0.0640625 0.028125
0 0.20546875 0.1109375 0.05625 0.028125
0 0.12578125 0.09375 0.096875 0.0328125
0 0.225 0.05 0.0953125 0.0421875
0 0.3359375 0.075 0.0546875 0.0234375
0 0.74140625 0.11328125 0.0578125 0.0234375